<?xml version="1.0" encoding="utf-8"?>
<COLLADA xmlns="http://www.collada.org/2005/11/COLLADASchema" version="1.4.1">
  <asset><contributor><author>Mixamo</author><authoring_tool>COLLADA Mixamo exporter</authoring_tool><comments></comments></contributor><created>2019-05-01T06:13:47Z</created><modified>2019-05-01T06:13:47Z</modified><revision></revision><title></title><unit meter="0.010000"/><up_axis>Y_UP</up_axis></asset>
  <library_animations>
    <animation id="soldier_Hips-anim" name="soldier_Hips"><source id="soldier_Hips-Matrix-animation-input"><float_array id="soldier_Hips-Matrix-animation-input-array" count="64">

0.000000 0.033333 0.066667 0.100000 0.133333 0.166667 0.200000 0.233333 0.266667 0.300000 0.333333 0.366667 0.400000 0.433333 0.466667 0.500000
0.533333 0.566667 0.600000 0.633333 0.666667 0.700000 0.733333 0.766667 0.800000 0.833333 0.866667 0.900000 0.933333 0.966667 1.000000 1.033333
1.066667 1.100000 1.133333 1.166667 1.200000 1.233333 1.266667 1.300000 1.333333 1.366667 1.400000 1.433333 1.466667 1.500000 1.533333 1.566667
1.600000 1.633333 1.666667 1.700000 1.733333 1.766667 1.800000 1.833333 1.866667 1.900000 1.933333 1.966667 2.000000 2.033333 2.066667 2.100000</float_array><technique_common><accessor source="#soldier_Hips-Matrix-animation-input-array" count="64"><param name="TIME" type="float"/></accessor></technique_common></source><source id="soldier_Hips-Matrix-animation-output-transform"><float_array id="soldier_Hips-Matrix-animation-output-transform-array" count="1024">

1.461607 0.183060 -2.069250 0.010608 0.075176 2.523800 0.276373 231.401535 2.075971 -0.220278 1.446867 0.004460 0.000000 0.000000 0.000000 1.000000
1.461705 0.184358 -2.069065 0.012268 0.075207 2.523621 0.277991 231.380341 2.075900 -0.221239 1.446821 0.002813 0.000000 0.000000 0.000000 1.000000
1.461794 0.185749 -2.068878 0.017068 0.075235 2.523430 0.279718 231.352188 2.075837 -0.222260 1.446756 -0.001285 0.000000 0.000000 0.000000 1.000000
1.461835 0.187251 -2.068714 0.025357 0.075253 2.523223 0.281568 231.321396 2.075807 -0.223339 1.446632 -0.007988 0.000000 0.000000 0.000000 1.000000
1.461817 0.188859 -2.068580 0.036930 0.075261 2.523003 0.283533 231.287445 2.075819 -0.224472 1.446439 -0.017143 0.000000 0.000000 0.000000 1.000000
1.461775 0.190557 -2.068454 0.051417 0.075265 2.522770 0.285601 231.252747 2.075849 -0.225656 1.446213 -0.028555 0.000000 0.000000 0.000000 1.000000
1.461741 0.192330 -2.068314 0.068728 0.075267 2.522524 0.287760 231.216187 2.075872 -0.226893 1.445985 -0.042304 0.000000 0.000000 0.000000 1.000000
1.461719 0.194173 -2.068157 0.088685 0.075270 2.522267 0.290007 231.177734 2.075888 -0.228181 1.445760 -0.058268 0.000000 0.000000 0.000000 1.000000
1.461700 0.196079 -2.067991 0.111059 0.075275 2.521998 0.292332 231.137711 2.075901 -0.229515 1.445530 -0.076138 0.000000 0.000000 0.000000 1.000000
1.461683 0.198045 -2.067815 0.135704 0.075275 2.521719 0.294727 231.095428 2.075913 -0.230887 1.445294 -0.095686 0.000000 0.000000 0.000000 1.000000
1.461668 0.200061 -2.067632 0.162380 0.075277 2.521431 0.297185 231.053482 2.075924 -0.232295 1.445054 -0.116848 0.000000 0.000000 0.000000 1.000000
1.461657 0.202121 -2.067439 0.190981 0.075278 2.521134 0.299696 231.009354 2.075932 -0.233734 1.444810 -0.139451 0.000000 0.000000 0.000000 1.000000
1.461651 0.204219 -2.067237 0.221278 0.075277 2.520828 0.302253 230.963165 2.075936 -0.235199 1.444567 -0.163419 0.000000 0.000000 0.000000 1.000000
1.461647 0.206344 -2.067029 0.253111 0.075276 2.520517 0.304844 230.917526 2.075939 -0.236682 1.444320 -0.188671 0.000000 0.000000 0.000000 1.000000
1.461646 0.208491 -2.066815 0.286350 0.075275 2.520199 0.307461 230.869888 2.075939 -0.238181 1.444072 -0.215104 0.000000 0.000000 0.000000 1.000000
1.461648 0.210663 -2.066593 0.320965 0.075274 2.519874 0.310108 230.822327 2.075938 -0.239697 1.443823 -0.242658 0.000000 0.000000 0.000000 1.000000
1.461652 0.212856 -2.066365 0.356776 0.075271 2.519544 0.312781 230.773926 2.075935 -0.241226 1.443573 -0.271136 0.000000 0.000000 0.000000 1.000000
1.461658 0.215036 -2.066136 0.393187 0.075269 2.519213 0.315439 230.724442 2.075932 -0.242748 1.443323 -0.299989 0.000000 0.000000 0.000000 1.000000
1.461665 0.217170 -2.065907 0.429449 0.075267 2.518886 0.318040 230.676422 2.075926 -0.244237 1.443080 -0.328758 0.000000 0.000000 0.000000 1.000000
1.461676 0.219322 -2.065672 0.466812 0.075264 2.518553 0.320663 230.627686 2.075919 -0.245739 1.442835 -0.358297 0.000000 0.000000 0.000000 1.000000
1.461690 0.221684 -2.065410 0.508566 0.075259 2.518185 0.323542 230.573212 2.075909 -0.247385 1.442567 -0.391443 0.000000 0.000000 0.000000 1.000000
1.461706 0.224360 -2.065109 0.556792 0.075254 2.517764 0.326804 230.511887 2.075898 -0.249252 1.442263 -0.429711 0.000000 0.000000 0.000000 1.000000
1.461728 0.227203 -2.064783 0.608812 0.075248 2.517312 0.330269 230.444870 2.075882 -0.251235 1.441941 -0.470993 0.000000 0.000000 0.000000 1.000000
1.461752 0.229996 -2.064457 0.660813 0.075243 2.516863 0.333674 230.379791 2.075866 -0.253183 1.441623 -0.512230 0.000000 0.000000 0.000000 1.000000
1.461772 0.232652 -2.064146 0.711078 0.075236 2.516432 0.336909 230.317398 2.075852 -0.255032 1.441317 -0.552061 0.000000 0.000000 0.000000 1.000000
1.461788 0.235181 -2.063847 0.759678 0.075229 2.516018 0.339991 230.255280 2.075841 -0.256794 1.441021 -0.590595 0.000000 0.000000 0.000000 1.000000
1.461807 0.237595 -2.063557 0.806566 0.075222 2.515619 0.342931 230.197815 2.075828 -0.258474 1.440739 -0.627815 0.000000 0.000000 0.000000 1.000000
1.461842 0.239869 -2.063269 0.851254 0.075217 2.515240 0.345705 230.142548 2.075803 -0.260063 1.440489 -0.663355 0.000000 0.000000 0.000000 1.000000
1.461893 0.241977 -2.062987 0.893198 0.075214 2.514884 0.348280 230.090790 2.075767 -0.261541 1.440273 -0.696674 0.000000 0.000000 0.000000 1.000000
1.461947 0.243902 -2.062722 0.932072 0.075211 2.514557 0.350633 230.043198 2.075730 -0.262892 1.440081 -0.727560 0.000000 0.000000 0.000000 1.000000
1.461993 0.245633 -2.062484 0.967238 0.075208 2.514262 0.352748 230.000137 2.075698 -0.264107 1.439905 -0.755506 0.000000 0.000000 0.000000 1.000000
1.462031 0.247153 -2.062275 0.998374 0.075205 2.514000 0.354606 229.962524 2.075671 -0.265173 1.439748 -0.780145 0.000000 0.000000 0.000000 1.000000
1.462063 0.248448 -2.062097 1.025085 0.075204 2.513777 0.356188 229.929367 2.075648 -0.266082 1.439613 -0.801267 0.000000 0.000000 0.000000 1.000000
1.462090 0.249497 -2.061952 1.046942 0.075202 2.513595 0.357470 229.903503 2.075630 -0.266817 1.439503 -0.818584 0.000000 0.000000 0.000000 1.000000
1.462110 0.250279 -2.061843 1.063420 0.075194 2.513460 0.358420 229.883698 2.075616 -0.267357 1.439423 -0.831690 0.000000 0.000000 0.000000 1.000000
1.462120 0.250773 -2.061775 1.074021 0.075180 2.513375 0.359015 229.871521 2.075609 -0.267688 1.439372 -0.840136 0.000000 0.000000 0.000000 1.000000
1.462125 0.250963 -2.061749 1.078393 0.075178 2.513342 0.359246 229.866577 2.075606 -0.267819 1.439352 -0.843586 0.000000 0.000000 0.000000 1.000000
1.462121 0.250828 -2.061768 1.076314 0.075186 2.513365 0.359087 229.870331 2.075608 -0.267734 1.439364 -0.841957 0.000000 0.000000 0.000000 1.000000
1.462106 0.250323 -2.061840 1.067921 0.075194 2.513452 0.358475 229.882507 2.075618 -0.267389 1.439414 -0.835361 0.000000 0.000000 0.000000 1.000000
1.462075 0.249430 -2.061970 1.053591 0.075194 2.513608 0.357380 229.905762 2.075640 -0.266758 1.439500 -0.823982 0.000000 0.000000 0.000000 1.000000
1.462036 0.248170 -2.062150 1.033801 0.075189 2.513827 0.355836 229.936996 2.075668 -0.265865 1.439625 -0.808187 0.000000 0.000000 0.000000 1.000000
1.462005 0.246578 -2.062362 1.008735 0.075186 2.514102 0.353888 229.976151 2.075690 -0.264742 1.439800 -0.788140 0.000000 0.000000 0.000000 1.000000
1.461993 0.244691 -2.062596 0.978953 0.075186 2.514425 0.351585 230.023758 2.075698 -0.263423 1.440030 -0.764318 0.000000 0.000000 0.000000 1.000000
1.461993 0.242566 -2.062847 0.945392 0.075188 2.514786 0.348996 230.075500 2.075698 -0.261941 1.440300 -0.737595 0.000000 0.000000 0.000000 1.000000
1.461993 0.240226 -2.063121 0.908527 0.075189 2.515180 0.346145 230.133759 2.075698 -0.260309 1.440596 -0.708390 0.000000 0.000000 0.000000 1.000000
1.461992 0.237573 -2.063429 0.866861 0.075192 2.515623 0.342911 230.198135 2.075699 -0.258459 1.440927 -0.675448 0.000000 0.000000 0.000000 1.000000
1.461991 0.234449 -2.063787 0.817880 0.075194 2.516139 0.339104 230.272995 2.075700 -0.256280 1.441316 -0.636638 0.000000 0.000000 0.000000 1.000000
1.461989 0.230856 -2.064193 0.761485 0.075196 2.516725 0.334725 230.357895 2.075701 -0.253773 1.441758 -0.591902 0.000000 0.000000 0.000000 1.000000
1.461989 0.226980 -2.064623 0.700528 0.075199 2.517349 0.330002 230.450104 2.075701 -0.251070 1.442231 -0.543480 0.000000 0.000000 0.000000 1.000000
1.461988 0.222993 -2.065058 0.637767 0.075202 2.517981 0.325141 230.541870 2.075701 -0.248287 1.442712 -0.493578 0.000000 0.000000 0.000000 1.000000
1.461988 0.218956 -2.065490 0.574270 0.075205 2.518611 0.320221 230.635574 2.075701 -0.245470 1.443194 -0.443199 0.000000 0.000000 0.000000 1.000000
1.461988 0.214893 -2.065917 0.510510 0.075209 2.519236 0.315269 230.726593 2.075701 -0.242636 1.443674 -0.392723 0.000000 0.000000 0.000000 1.000000
1.461988 0.210849 -2.066333 0.447081 0.075211 2.519848 0.310340 230.816849 2.075701 -0.239813 1.444145 -0.342427 0.000000 0.000000 0.000000 1.000000
1.461987 0.206881 -2.066735 0.384776 0.075214 2.520439 0.305503 230.904846 2.075702 -0.237043 1.444602 -0.293007 0.000000 0.000000 0.000000 1.000000
1.461984 0.203046 -2.067118 0.324520 0.075217 2.521001 0.300827 230.987839 2.075704 -0.234364 1.445035 -0.245120 0.000000 0.000000 0.000000 1.000000
1.461985 0.199393 -2.067473 0.267169 0.075220 2.521528 0.296374 231.067123 2.075703 -0.231815 1.445448 -0.199594 0.000000 0.000000 0.000000 1.000000
1.461995 0.195974 -2.067792 0.213608 0.075223 2.522014 0.292208 231.138290 2.075696 -0.229430 1.445839 -0.157149 0.000000 0.000000 0.000000 1.000000
1.461990 0.192847 -2.068089 0.164588 0.075226 2.522453 0.288396 231.204269 2.075699 -0.227246 1.446179 -0.118319 0.000000 0.000000 0.000000 1.000000
1.461933 0.190070 -2.068387 0.120860 0.075219 2.522840 0.284995 231.262222 2.075739 -0.225286 1.446427 -0.083531 0.000000 0.000000 0.000000 1.000000
1.461812 0.187678 -2.068691 0.083134 0.075203 2.523171 0.282051 231.312866 2.075825 -0.223574 1.446570 -0.053344 0.000000 0.000000 0.000000 1.000000
1.461669 0.185721 -2.068968 0.052297 0.075183 2.523441 0.279632 231.352554 2.075926 -0.222158 1.446643 -0.028627 0.000000 0.000000 0.000000 1.000000
1.461556 0.184296 -2.069176 0.029799 0.075167 2.523636 0.277867 231.382248 2.076006 -0.221123 1.446687 -0.010537 0.000000 0.000000 0.000000 1.000000
1.461510 0.183478 -2.069281 0.016293 0.075161 2.523747 0.276859 231.399414 2.076040 -0.220536 1.446729 0.000299 0.000000 0.000000 0.000000 1.000000
1.461606 0.183060 -2.069250 0.010599 0.075176 2.523800 0.276373 231.401352 2.075971 -0.220278 1.446866 0.004489 0.000000 0.000000 0.000000 1.000000</float_array><technique_common><accessor source="#soldier_Hips-Matrix-animation-output-transform-array" count="64" stride="16"><param type="float4x4"/></accessor></technique_common></source><source id="soldier_Hips-Interpolations"><Name_array id="soldier_Hips-Interpolations-array" count="64">
 LINEAR LINEAR LINEAR LINEAR LINEAR LINEAR LINEAR LINEAR LINEAR LINEAR LINEAR
LINEAR LINEAR LINEAR LINEAR LINEAR LINEAR LINEAR LINEAR LINEAR LINEAR LINEAR LINEAR
LINEAR LINEAR LINEAR LINEAR LINEAR LINEAR LINEAR LINEAR LINEAR LINEAR LINEAR LINEAR
LINEAR LINEAR LINEAR LINEAR LINEAR LINEAR LINEAR LINEAR LINEAR LINEAR LINEAR LINEAR
LINEAR LINEAR LINEAR LINEAR LINEAR LINEAR LINEAR LINEAR LINEAR LINEAR LINEAR LINEAR
LINEAR LINEAR LINEAR LINEAR LINEAR</Name_array><technique_common><accessor source="#soldier_Hips-Interpolations-array" count="64"><param type="name"/></accessor></technique_common></source><sampler id="soldier_Hips-Matrix-animation-transform"><input semantic="INPUT" source="#soldier_Hips-Matrix-animation-input"/><input semantic="OUTPUT" source="#soldier_Hips-Matrix-animation-output-transform"/><input semantic="INTERPOLATION" source="#soldier_Hips-Interpolations"/></sampler><channel source="#soldier_Hips-Matrix-animation-transform" target="soldier_Hips/matrix"/></animation>
    <animation id="soldier_Spine-anim" name="soldier_Spine"><source id="soldier_Spine-Matrix-animation-input"><float_array id="soldier_Spine-Matrix-animation-input-array" count="64">

0.000000 0.033333 0.066667 0.100000 0.133333 0.166667 0.200000 0.233333 0.266667 0.300000 0.333333 0.366667 0.400000 0.433333 0.466667 0.500000
0.533333 0.566667 0.600000 0.633333 0.666667 0.700000 0.733333 0.766667 0.800000 0.833333 0.866667 0.900000 0.933333 0.966667 1.000000 1.033333
1.066667 1.100000 1.133333 1.166667 1.200000 1.233333 1.266667 1.300000 1.333333 1.366667 1.400000 1.433333 1.466667 1.500000 1.533333 1.566667
1.600000 1.633333 1.666667 1.700000 1.733333 1.766667 1.800000 1.833333 1.866667 1.900000 1.933333 1.966667 2.000000 2.033333 2.066667 2.100000</float_array><technique_common><accessor source="#soldier_Spine-Matrix-animation-input-array" count="64"><param name="TIME" type="float"/></accessor></technique_common></source><source id="soldier_Spine-Matrix-animation-output-transform"><float_array id="soldier_Spine-Matrix-animation-output-transform-array" count="1024">

0.999876 -0.013391 0.008329 0.000000 0.014099 0.995678 -0.091795 9.226300 -0.007063 0.091901 0.995743 1.577100 0.000000 0.000000 0.000000 1.000000
0.999875 -0.013427 0.008297 -0.000000 0.014133 0.995659 -0.091996 9.226300 -0.007025 0.092102 0.995725 1.577100 0.000000 0.000000 0.000000 1.000000
0.999875 -0.013463 0.008250 0.000000 0.014167 0.995630 -0.092301 9.226300 -0.006972 0.092407 0.995697 1.577100 0.000000 0.000000 0.000000 1.000000
0.999875 -0.013505 0.008202 0.000000 0.014208 0.995592 -0.092709 9.226300 -0.006914 0.092814 0.995659 1.577100 0.000000 0.000000 0.000000 1.000000
0.999875 -0.013549 0.008138 0.000000 0.014249 0.995542 -0.093233 9.226300 -0.006838 0.093337 0.995611 1.577100 0.000000 0.000000 0.000000 1.000000
0.999875 -0.013593 0.008069 0.000000 0.014290 0.995490 -0.093782 9.226300 -0.006758 0.093886 0.995560 1.577100 0.000000 0.000000 0.000000 1.000000
0.999875 -0.013634 0.008002 -0.000000 0.014329 0.995429 -0.094426 9.226300 -0.006678 0.094529 0.995500 1.577100 0.000000 0.000000 0.000000 1.000000
0.999875 -0.013670 0.007935 -0.000000 0.014363 0.995356 -0.095184 9.226300 -0.006597 0.095286 0.995428 1.577100 0.000000 0.000000 0.000000 1.000000
0.999875 -0.013708 0.007873 0.000000 0.014401 0.995274 -0.096033 9.226300 -0.006519 0.096134 0.995347 1.577100 0.000000 0.000000 0.000000 1.000000
0.999874 -0.013745 0.007924 0.000000 0.014448 0.995192 -0.096872 9.226300 -0.006555 0.096974 0.995265 1.577100 0.000000 0.000000 0.000000 1.000000
0.999873 -0.013780 0.008008 -0.000000 0.014498 0.995098 -0.097827 9.226300 -0.006620 0.097931 0.995171 1.577100 0.000000 0.000000 0.000000 1.000000
0.999872 -0.013813 0.008092 0.000000 0.014545 0.995002 -0.098786 9.226300 -0.006687 0.098891 0.995076 1.577100 0.000000 0.000000 0.000000 1.000000
0.999871 -0.013829 0.008189 0.000000 0.014578 0.994897 -0.099837 9.226300 -0.006767 0.099943 0.994970 1.577100 0.000000 0.000000 0.000000 1.000000
0.999872 -0.013715 0.008297 -0.000000 0.014483 0.994787 -0.100942 9.226300 -0.006870 0.101050 0.994858 1.577100 0.000000 0.000000 0.000000 1.000000
0.999872 -0.013592 0.008426 0.000000 0.014381 0.994677 -0.102036 9.226300 -0.006994 0.102144 0.994745 1.577100 0.000000 0.000000 0.000000 1.000000
0.999873 -0.013457 0.008581 0.000000 0.014271 0.994560 -0.103179 9.226300 -0.007146 0.103288 0.994626 1.577100 0.000000 0.000000 0.000000 1.000000
0.999873 -0.013317 0.008735 0.000000 0.014157 0.994434 -0.104403 9.226300 -0.007296 0.104513 0.994497 1.577100 0.000000 0.000000 0.000000 1.000000
0.999874 -0.013171 0.008898 0.000000 0.014037 0.994308 -0.105616 9.226300 -0.007456 0.105727 0.994367 1.577100 0.000000 0.000000 0.000000 1.000000
0.999874 -0.013020 0.009069 0.000000 0.013915 0.994182 -0.106812 9.226300 -0.007625 0.106925 0.994238 1.577100 0.000000 0.000000 0.000000 1.000000
0.999875 -0.012864 0.009240 0.000000 0.013787 0.994049 -0.108058 9.226300 -0.007795 0.108172 0.994102 1.577100 0.000000 0.000000 0.000000 1.000000
0.999875 -0.012679 0.009459 0.000000 0.013639 0.993899 -0.109451 9.226300 -0.008014 0.109566 0.993947 1.577100 0.000000 0.000000 0.000000 1.000000
0.999875 -0.012456 0.009749 0.000000 0.013463 0.993719 -0.111092 9.226300 -0.008303 0.111210 0.993762 1.577100 0.000000 0.000000 0.000000 1.000000
0.999875 -0.012214 0.010060 -0.000000 0.013272 0.993528 -0.112814 9.226300 -0.008617 0.112933 0.993565 1.577100 0.000000 0.000000 0.000000 1.000000
0.999874 -0.011961 0.010407 0.000000 0.013075 0.993328 -0.114582 9.226300 -0.008967 0.114703 0.993359 1.577100 0.000000 0.000000 0.000000 1.000000
0.999874 -0.011707 0.010748 0.000000 0.012877 0.993137 -0.116244 9.226300 -0.009314 0.116368 0.993162 1.577100 0.000000 0.000000 0.000000 1.000000
0.999873 -0.011449 0.011123 0.000000 0.012682 0.992941 -0.117928 9.226300 -0.009694 0.118054 0.992960 1.577100 0.000000 0.000000 0.000000 1.000000
0.999871 -0.011188 0.011514 0.000000 0.012485 0.992747 -0.119571 9.226300 -0.010092 0.119700 0.992759 1.577100 0.000000 0.000000 0.000000 1.000000
0.999870 -0.010934 0.011884 0.000000 0.012294 0.992562 -0.121120 9.226300 -0.010471 0.121250 0.992567 1.577100 0.000000 0.000000 0.000000 1.000000
0.999868 -0.010687 0.012267 -0.000000 0.012111 0.992382 -0.122600 9.226300 -0.010863 0.122732 0.992380 1.577100 0.000000 0.000000 0.000000 1.000000
0.999865 -0.010444 0.012657 -0.000000 0.011934 0.992213 -0.123981 9.226300 -0.011264 0.124115 0.992204 1.577100 0.000000 0.000000 0.000000 1.000000
0.999863 -0.010210 0.013031 0.000000 0.011763 0.992055 -0.125253 9.226300 -0.011648 0.125389 0.992039 1.577100 0.000000 0.000000 0.000000 1.000000
0.999861 -0.009995 0.013380 0.000000 0.011607 0.991911 -0.126401 9.226300 -0.012008 0.126538 0.991889 1.577100 0.000000 0.000000 0.000000 1.000000
0.999858 -0.009809 0.013731 0.000000 0.011480 0.991783 -0.127415 9.226300 -0.012368 0.127554 0.991754 1.577100 0.000000 0.000000 0.000000 1.000000
0.999855 -0.009650 0.014063 0.000000 0.011375 0.991669 -0.128308 9.226300 -0.012708 0.128449 0.991635 1.577100 0.000000 0.000000 0.000000 1.000000
0.999851 -0.009513 0.014370 0.000000 0.011288 0.991576 -0.129036 9.226300 -0.013022 0.129179 0.991536 1.577100 0.000000 0.000000 0.000000 1.000000
0.999849 -0.009389 0.014641 0.000000 0.011208 0.991504 -0.129595 9.226300 -0.013300 0.129739 0.991459 1.577100 0.000000 0.000000 0.000000 1.000000
0.999847 -0.009282 0.014849 0.000000 0.011134 0.991458 -0.129947 9.226300 -0.013516 0.130092 0.991410 1.577100 0.000000 0.000000 0.000000 1.000000
0.999845 -0.009193 0.015035 0.000000 0.011072 0.991440 -0.130095 9.226300 -0.013710 0.130241 0.991388 1.577100 0.000000 0.000000 0.000000 1.000000
0.999843 -0.009123 0.015163 0.000000 0.011018 0.991452 -0.130008 9.226300 -0.013848 0.130154 0.991397 1.577100 0.000000 0.000000 0.000000 1.000000
0.999842 -0.009074 0.015279 -0.000000 0.010980 0.991495 -0.129682 9.226300 -0.013973 0.129829 0.991438 1.577100 0.000000 0.000000 0.000000 1.000000
0.999841 -0.009063 0.015373 0.000000 0.010974 0.991566 -0.129141 9.226300 -0.014073 0.129289 0.991507 1.577100 0.000000 0.000000 0.000000 1.000000
0.999840 -0.009102 0.015412 -0.000000 0.011007 0.991659 -0.128419 9.226300 -0.014115 0.128568 0.991600 1.577100 0.000000 0.000000 0.000000 1.000000
0.999840 -0.009180 0.015383 0.000000 0.011067 0.991783 -0.127451 9.226300 -0.014087 0.127600 0.991726 1.577100 0.000000 0.000000 0.000000 1.000000
0.999840 -0.009277 0.015291 0.000000 0.011136 0.991924 -0.126346 9.226300 -0.013995 0.126496 0.991868 1.577100 0.000000 0.000000 0.000000 1.000000
0.999841 -0.009387 0.015162 0.000000 0.011212 0.992071 -0.125175 9.226300 -0.013866 0.125325 0.992019 1.577100 0.000000 0.000000 0.000000 1.000000
0.999842 -0.009529 0.014998 -0.000000 0.011314 0.992240 -0.123825 9.226300 -0.013702 0.123975 0.992191 1.577100 0.000000 0.000000 0.000000 1.000000
0.999844 -0.009720 0.014760 0.000000 0.011451 0.992443 -0.122171 9.226300 -0.013461 0.122321 0.992399 1.577100 0.000000 0.000000 0.000000 1.000000
0.999846 -0.009958 0.014465 0.000000 0.011626 0.992679 -0.120218 9.226300 -0.013162 0.120368 0.992642 1.577100 0.000000 0.000000 0.000000 1.000000
0.999848 -0.010225 0.014125 -0.000000 0.011822 0.992933 -0.118089 9.226300 -0.012817 0.118238 0.992903 1.577100 0.000000 0.000000 0.000000 1.000000
0.999850 -0.010509 0.013739 0.000000 0.012032 0.993190 -0.115882 9.226300 -0.012427 0.116030 0.993168 1.577100 0.000000 0.000000 0.000000 1.000000
0.999853 -0.010809 0.013314 0.000000 0.012253 0.993447 -0.113636 9.226300 -0.011999 0.113782 0.993433 1.577100 0.000000 0.000000 0.000000 1.000000
0.999855 -0.011119 0.012878 -0.000000 0.012484 0.993703 -0.111344 9.226300 -0.011559 0.111489 0.993698 1.577100 0.000000 0.000000 0.000000 1.000000
0.999857 -0.011439 0.012426 0.000000 0.012727 0.993960 -0.109004 9.226300 -0.011104 0.109147 0.993964 1.577100 0.000000 0.000000 0.000000 1.000000
0.999859 -0.011761 0.011961 0.000000 0.012972 0.994201 -0.106755 9.226300 -0.010636 0.106895 0.994213 1.577100 0.000000 0.000000 0.000000 1.000000
0.999861 -0.012081 0.011492 -0.000000 0.013217 0.994434 -0.104526 9.226300 -0.010165 0.104663 0.994456 1.577100 0.000000 0.000000 0.000000 1.000000
0.999862 -0.012396 0.011024 -0.000000 0.013460 0.994654 -0.102381 9.226300 -0.009696 0.102516 0.994684 1.577100 0.000000 0.000000 0.000000 1.000000
0.999864 -0.012708 0.010556 0.000000 0.013704 0.994863 -0.100299 9.226300 -0.009228 0.100430 0.994901 1.577100 0.000000 0.000000 0.000000 1.000000
0.999864 -0.013008 0.010117 0.000000 0.013941 0.995046 -0.098432 9.226300 -0.008787 0.098560 0.995092 1.577100 0.000000 0.000000 0.000000 1.000000
0.999865 -0.013278 0.009695 0.000000 0.014154 0.995211 -0.096721 9.226300 -0.008364 0.096845 0.995264 1.577100 0.000000 0.000000 0.000000 1.000000
0.999866 -0.013498 0.009303 0.000000 0.014322 0.995357 -0.095179 9.226300 -0.007975 0.095299 0.995417 1.577100 0.000000 0.000000 0.000000 1.000000
0.999867 -0.013666 0.008935 -0.000000 0.014446 0.995474 -0.093926 9.226300 -0.007611 0.094043 0.995539 1.577100 0.000000 0.000000 0.000000 1.000000
0.999868 -0.013806 0.008607 0.000000 0.014546 0.995570 -0.092894 9.226300 -0.007286 0.093007 0.995639 1.577100 0.000000 0.000000 0.000000 1.000000
0.999867 -0.013877 0.008513 -0.000000 0.014603 0.995635 -0.092179 9.226300 -0.007197 0.092291 0.995706 1.577100 0.000000 0.000000 0.000000 1.000000
0.999872 -0.013618 0.008381 0.000000 0.014330 0.995672 -0.091829 9.226300 -0.007094 0.091937 0.995740 1.577100 0.000000 0.000000 0.000000 1.000000</float_array><technique_common><accessor source="#soldier_Spine-Matrix-animation-output-transform-array" count="64" stride="16"><param type="float4x4"/></accessor></technique_common></source><source id="soldier_Spine-Interpolations"><Name_array id="soldier_Spine-Interpolations-array" count="64">
 LINEAR LINEAR LINEAR LINEAR LINEAR LINEAR LINEAR LINEAR LINEAR LINEAR LINEAR
LINEAR LINEAR LINEAR LINEAR LINEAR LINEAR LINEAR LINEAR LINEAR LINEAR LINEAR LINEAR
LINEAR LINEAR LINEAR LINEAR LINEAR LINEAR LINEAR LINEAR LINEAR LINEAR LINEAR LINEAR
LINEAR LINEAR LINEAR LINEAR LINEAR LINEAR LINEAR LINEAR LINEAR LINEAR LINEAR LINEAR
LINEAR LINEAR LINEAR LINEAR LINEAR LINEAR LINEAR LINEAR LINEAR LINEAR LINEAR LINEAR
LINEAR LINEAR LINEAR LINEAR LINEAR</Name_array><technique_common><accessor source="#soldier_Spine-Interpolations-array" count="64"><param type="name"/></accessor></technique_common></source><sampler id="soldier_Spine-Matrix-animation-transform"><input semantic="INPUT" source="#soldier_Spine-Matrix-animation-input"/><input semantic="OUTPUT" source="#soldier_Spine-Matrix-animation-output-transform"/><input semantic="INTERPOLATION" source="#soldier_Spine-Interpolations"/></sampler><channel source="#soldier_Spine-Matrix-animation-transform" target="soldier_Spine/matrix"/></animation>
    <animation id="soldier_Spine1-anim" name="soldier_Spine1"><source id="soldier_Spine1-Matrix-animation-input"><float_array id="soldier_Spine1-Matrix-animation-input-array" count="64">

0.000000 0.033333 0.066667 0.100000 0.133333 0.166667 0.200000 0.233333 0.266667 0.300000 0.333333 0.366667 0.400000 0.433333 0.466667 0.500000
0.533333 0.566667 0.600000 0.633333 0.666667 0.700000 0.733333 0.766667 0.800000 0.833333 0.866667 0.900000 0.933333 0.966667 1.000000 1.033333
1.066667 1.100000 1.133333 1.166667 1.200000 1.233333 1.266667 1.300000 1.333333 1.366667 1.400000 1.433333 1.466667 1.500000 1.533333 1.566667
1.600000 1.633333 1.666667 1.700000 1.733333 1.766667 1.800000 1.833333 1.866667 1.900000 1.933333 1.966667 2.000000 2.033333 2.066667 2.100000</float_array><technique_common><accessor source="#soldier_Spine1-Matrix-animation-input-array" count="64"><param name="TIME" type="float"/></accessor></technique_common></source><source id="soldier_Spine1-Matrix-animation-output-transform"><float_array id="soldier_Spine1-Matrix-animation-output-transform-array" count="1024">

0.999795 -0.005228 0.019554 0.000000 0.006878 0.996332 -0.085295 16.254000 -0.019037 0.085412 0.996164 -0.165600 0.000000 0.000000 0.000000 1.000000
0.999798 -0.005022 0.019468 0.000000 0.006660 0.996358 -0.085004 16.254000 -0.018970 0.085117 0.996190 -0.165600 0.000000 0.000000 0.000000 1.000000
0.999801 -0.004856 0.019361 -0.000000 0.006480 0.996382 -0.084737 16.254000 -0.018880 0.084845 0.996215 -0.165600 0.000000 0.000000 0.000000 1.000000
0.999803 -0.004739 0.019250 -0.000000 0.006350 0.996401 -0.084522 16.254000 -0.018780 0.084627 0.996236 -0.165600 0.000000 0.000000 0.000000 1.000000
0.999806 -0.004685 0.019112 0.000000 0.006282 0.996415 -0.084362 16.254000 -0.018649 0.084466 0.996252 -0.165600 0.000000 0.000000 0.000000 1.000000
0.999809 -0.004677 0.018970 0.000000 0.006261 0.996416 -0.084357 16.254000 -0.018508 0.084459 0.996255 -0.165600 0.000000 0.000000 0.000000 1.000000
0.999812 -0.004694 0.018833 0.000000 0.006268 0.996413 -0.084388 16.254000 -0.018370 0.084490 0.996255 -0.165600 0.000000 0.000000 0.000000 1.000000
0.999814 -0.004748 0.018700 -0.000000 0.006310 0.996410 -0.084420 16.254000 -0.018232 0.084522 0.996255 -0.165600 0.000000 0.000000 0.000000 1.000000
0.999816 -0.004851 0.018580 0.000000 0.006404 0.996404 -0.084481 16.254000 -0.018103 0.084585 0.996252 -0.165600 0.000000 0.000000 0.000000 1.000000
0.999818 -0.005015 0.018433 0.000000 0.006560 0.996382 -0.084733 16.254000 -0.017942 0.084839 0.996233 -0.165600 0.000000 0.000000 0.000000 1.000000
0.999818 -0.005226 0.018329 0.000000 0.006765 0.996363 -0.084938 16.254000 -0.017819 0.085046 0.996218 -0.165600 0.000000 0.000000 0.000000 1.000000
0.999819 -0.005478 0.018203 0.000000 0.007011 0.996332 -0.085281 16.254000 -0.017669 0.085393 0.996191 -0.165600 0.000000 0.000000 0.000000 1.000000
0.999818 -0.005741 0.018190 0.000000 0.007278 0.996301 -0.085619 16.254000 -0.017631 0.085736 0.996162 -0.165600 0.000000 0.000000 0.000000 1.000000
0.999816 -0.006033 0.018219 0.000000 0.007578 0.996268 -0.085983 16.254000 -0.017633 0.086106 0.996130 -0.165600 0.000000 0.000000 0.000000 1.000000
0.999813 -0.006355 0.018271 0.000000 0.007912 0.996223 -0.086472 16.254000 -0.017652 0.086600 0.996087 -0.165600 0.000000 0.000000 0.000000 1.000000
0.999809 -0.006706 0.018375 0.000000 0.008280 0.996175 -0.086985 16.254000 -0.017722 0.087120 0.996040 -0.165600 0.000000 0.000000 0.000000 1.000000
0.999804 -0.007082 0.018465 0.000000 0.008671 0.996128 -0.087486 16.254000 -0.017774 0.087629 0.995995 -0.165600 0.000000 0.000000 0.000000 1.000000
0.999800 -0.007477 0.018570 0.000000 0.009084 0.996074 -0.088058 16.254000 -0.017839 0.088209 0.995942 -0.165600 0.000000 0.000000 0.000000 1.000000
0.999794 -0.007882 0.018701 0.000000 0.009511 0.996016 -0.088669 16.254000 -0.017928 0.088828 0.995886 -0.165600 0.000000 0.000000 0.000000 1.000000
0.999788 -0.008309 0.018829 0.000000 0.009959 0.995955 -0.089296 16.254000 -0.018011 0.089465 0.995827 -0.165600 0.000000 0.000000 0.000000 1.000000
0.999780 -0.008801 0.019034 0.000000 0.010480 0.995884 -0.090023 16.254000 -0.018163 0.090203 0.995758 -0.165600 0.000000 0.000000 0.000000 1.000000
0.999769 -0.009384 0.019332 0.000000 0.011103 0.995805 -0.090826 16.254000 -0.018398 0.091020 0.995679 -0.165600 0.000000 0.000000 0.000000 1.000000
0.999757 -0.010029 0.019654 0.000000 0.011794 0.995705 -0.091831 16.254000 -0.018649 0.092040 0.995581 -0.165600 0.000000 0.000000 0.000000 1.000000
0.999742 -0.010689 0.020048 -0.000000 0.012506 0.995607 -0.092796 16.254000 -0.018968 0.093023 0.995483 -0.165600 0.000000 0.000000 0.000000 1.000000
0.999727 -0.011350 0.020447 0.000000 0.013222 0.995497 -0.093868 16.254000 -0.019290 0.094113 0.995375 -0.165600 0.000000 0.000000 0.000000 1.000000
0.999709 -0.012003 0.020915 0.000000 0.013935 0.995395 -0.094837 16.254000 -0.019681 0.095100 0.995273 -0.165600 0.000000 0.000000 0.000000 1.000000
0.999690 -0.012654 0.021433 -0.000000 0.014652 0.995292 -0.095803 16.254000 -0.020120 0.096087 0.995170 -0.165600 0.000000 0.000000 0.000000 1.000000
0.999671 -0.013295 0.021924 0.000000 0.015359 0.995182 -0.096835 16.254000 -0.020531 0.097140 0.995059 -0.165600 0.000000 0.000000 0.000000 1.000000
0.999651 -0.013918 0.022453 0.000000 0.016051 0.995075 -0.097814 16.254000 -0.020981 0.098141 0.994951 -0.165600 0.000000 0.000000 0.000000 1.000000
0.999630 -0.014521 0.023021 0.000000 0.016728 0.994970 -0.098767 16.254000 -0.021471 0.099115 0.994844 -0.165600 0.000000 0.000000 0.000000 1.000000
0.999608 -0.015096 0.023569 0.000000 0.017375 0.994866 -0.099698 16.254000 -0.021943 0.100068 0.994739 -0.165600 0.000000 0.000000 0.000000 1.000000
0.999587 -0.015640 0.024098 -0.000000 0.017990 0.994764 -0.100600 16.254000 -0.022399 0.100992 0.994635 -0.165600 0.000000 0.000000 0.000000 1.000000
0.999566 -0.016147 0.024647 -0.000000 0.018569 0.994668 -0.101443 16.254000 -0.022877 0.101857 0.994536 -0.165600 0.000000 0.000000 0.000000 1.000000
0.999545 -0.016614 0.025185 0.000000 0.019106 0.994581 -0.102193 16.254000 -0.023351 0.102628 0.994446 -0.165600 0.000000 0.000000 0.000000 1.000000
0.999525 -0.017031 0.025702 0.000000 0.019590 0.994502 -0.102873 16.254000 -0.023809 0.103328 0.994362 -0.165600 0.000000 0.000000 0.000000 1.000000
0.999505 -0.017394 0.026200 0.000000 0.020018 0.994430 -0.103479 16.254000 -0.024254 0.103952 0.994287 -0.165600 0.000000 0.000000 0.000000 1.000000
0.999488 -0.017700 0.026638 0.000000 0.020381 0.994366 -0.104026 16.254000 -0.024647 0.104516 0.994218 -0.165600 0.000000 0.000000 0.000000 1.000000
0.999472 -0.017946 0.027074 -0.000000 0.020683 0.994316 -0.104443 16.254000 -0.025046 0.104948 0.994162 -0.165600 0.000000 0.000000 0.000000 1.000000
0.999461 -0.018128 0.027382 -0.000000 0.020905 0.994274 -0.104798 16.254000 -0.025326 0.105314 0.994116 -0.165600 0.000000 0.000000 0.000000 1.000000
0.999451 -0.018238 0.027659 0.000000 0.021051 0.994244 -0.105055 16.254000 -0.025583 0.105579 0.994082 -0.165600 0.000000 0.000000 0.000000 1.000000
0.999444 -0.018263 0.027912 -0.000000 0.021105 0.994232 -0.105157 16.254000 -0.025830 0.105688 0.994064 -0.165600 0.000000 0.000000 0.000000 1.000000
0.999439 -0.018194 0.028124 0.000000 0.021055 0.994245 -0.105042 16.254000 -0.026051 0.105575 0.994070 -0.165600 0.000000 0.000000 0.000000 1.000000
0.999438 -0.018033 0.028275 0.000000 0.020907 0.994266 -0.104871 16.254000 -0.026222 0.105403 0.994084 -0.165600 0.000000 0.000000 0.000000 1.000000
0.999439 -0.017813 0.028357 -0.000000 0.020691 0.994294 -0.104646 16.254000 -0.026331 0.105174 0.994105 -0.165600 0.000000 0.000000 0.000000 1.000000
0.999443 -0.017553 0.028380 0.000000 0.020425 0.994335 -0.104312 16.254000 -0.026388 0.104833 0.994140 -0.165600 0.000000 0.000000 0.000000 1.000000
0.999450 -0.017222 0.028341 0.000000 0.020080 0.994391 -0.103846 16.254000 -0.026393 0.104357 0.994190 -0.165600 0.000000 0.000000 0.000000 1.000000
0.999462 -0.016785 0.028178 -0.000000 0.019611 0.994465 -0.103223 16.254000 -0.026289 0.103720 0.994259 -0.165600 0.000000 0.000000 0.000000 1.000000
0.999478 -0.016232 0.027928 0.000000 0.019014 0.994560 -0.102418 16.254000 -0.026114 0.102895 0.994349 -0.165600 0.000000 0.000000 0.000000 1.000000
0.999497 -0.015600 0.027609 0.000000 0.018328 0.994669 -0.101480 16.254000 -0.025879 0.101935 0.994454 -0.165600 0.000000 0.000000 0.000000 1.000000
0.999518 -0.014915 0.027228 0.000000 0.017581 0.994787 -0.100448 16.254000 -0.025588 0.100879 0.994570 -0.165600 0.000000 0.000000 0.000000 1.000000
0.999541 -0.014189 0.026761 0.000000 0.016783 0.994912 -0.099341 16.254000 -0.025216 0.099744 0.994694 -0.165600 0.000000 0.000000 0.000000 1.000000
0.999565 -0.013429 0.026261 0.000000 0.015947 0.995041 -0.098177 16.254000 -0.024812 0.098553 0.994822 -0.165600 0.000000 0.000000 0.000000 1.000000
0.999589 -0.012641 0.025730 0.000000 0.015082 0.995169 -0.097016 16.254000 -0.024379 0.097364 0.994950 -0.165600 0.000000 0.000000 0.000000 1.000000
0.999613 -0.011838 0.025159 -0.000000 0.014196 0.995307 -0.095725 16.254000 -0.023908 0.096045 0.995090 -0.165600 0.000000 0.000000 0.000000 1.000000
0.999637 -0.011032 0.024563 -0.000000 0.013307 0.995438 -0.094474 16.254000 -0.023408 0.094767 0.995224 -0.165600 0.000000 0.000000 0.000000 1.000000
0.999661 -0.010230 0.023956 0.000000 0.012422 0.995568 -0.093222 16.254000 -0.022896 0.093488 0.995357 -0.165600 0.000000 0.000000 0.000000 1.000000
0.999683 -0.009444 0.023324 0.000000 0.011555 0.995685 -0.092076 16.254000 -0.022354 0.092316 0.995479 -0.165600 0.000000 0.000000 0.000000 1.000000
0.999704 -0.008683 0.022723 0.000000 0.010714 0.995807 -0.090845 16.254000 -0.021839 0.091061 0.995606 -0.165600 0.000000 0.000000 0.000000 1.000000
0.999724 -0.007961 0.022123 0.000000 0.009915 0.995920 -0.089696 16.254000 -0.021319 0.089890 0.995723 -0.165600 0.000000 0.000000 0.000000 1.000000
0.999741 -0.007282 0.021539 0.000000 0.009165 0.996021 -0.088646 16.254000 -0.020808 0.088820 0.995830 -0.165600 0.000000 0.000000 0.000000 1.000000
0.999758 -0.006660 0.020965 0.000000 0.008473 0.996119 -0.087606 16.254000 -0.020300 0.087763 0.995935 -0.165600 0.000000 0.000000 0.000000 1.000000
0.999772 -0.006109 0.020439 0.000000 0.007861 0.996199 -0.086756 16.254000 -0.019832 0.086897 0.996020 -0.165600 0.000000 0.000000 0.000000 1.000000
0.999785 -0.005637 0.019970 0.000000 0.007333 0.996273 -0.085948 16.254000 -0.019411 0.086076 0.996099 -0.165600 0.000000 0.000000 0.000000 1.000000
0.999796 -0.005238 0.019520 0.000000 0.006885 0.996333 -0.085281 16.254000 -0.019002 0.085398 0.996166 -0.165600 0.000000 0.000000 0.000000 1.000000</float_array><technique_common><accessor source="#soldier_Spine1-Matrix-animation-output-transform-array" count="64" stride="16"><param type="float4x4"/></accessor></technique_common></source><source id="soldier_Spine1-Interpolations"><Name_array id="soldier_Spine1-Interpolations-array" count="64">
 LINEAR LINEAR LINEAR LINEAR LINEAR LINEAR LINEAR LINEAR LINEAR LINEAR LINEAR
LINEAR LINEAR LINEAR LINEAR LINEAR LINEAR LINEAR LINEAR LINEAR LINEAR LINEAR LINEAR
LINEAR LINEAR LINEAR LINEAR LINEAR LINEAR LINEAR LINEAR LINEAR LINEAR LINEAR LINEAR
LINEAR LINEAR LINEAR LINEAR LINEAR LINEAR LINEAR LINEAR LINEAR LINEAR LINEAR LINEAR
LINEAR LINEAR LINEAR LINEAR LINEAR LINEAR LINEAR LINEAR LINEAR LINEAR LINEAR LINEAR
LINEAR LINEAR LINEAR LINEAR LINEAR</Name_array><technique_common><accessor source="#soldier_Spine1-Interpolations-array" count="64"><param type="name"/></accessor></technique_common></source><sampler id="soldier_Spine1-Matrix-animation-transform"><input semantic="INPUT" source="#soldier_Spine1-Matrix-animation-input"/><input semantic="OUTPUT" source="#soldier_Spine1-Matrix-animation-output-transform"/><input semantic="INTERPOLATION" source="#soldier_Spine1-Interpolations"/></sampler><channel source="#soldier_Spine1-Matrix-animation-transform" target="soldier_Spine1/matrix"/></animation>
    <animation id="soldier_Spine2-anim" name="soldier_Spine2"><source id="soldier_Spine2-Matrix-animation-input"><float_array id="soldier_Spine2-Matrix-animation-input-array" count="64">

0.000000 0.033333 0.066667 0.100000 0.133333 0.166667 0.200000 0.233333 0.266667 0.300000 0.333333 0.366667 0.400000 0.433333 0.466667 0.500000
0.533333 0.566667 0.600000 0.633333 0.666667 0.700000 0.733333 0.766667 0.800000 0.833333 0.866667 0.900000 0.933333 0.966667 1.000000 1.033333
1.066667 1.100000 1.133333 1.166667 1.200000 1.233333 1.266667 1.300000 1.333333 1.366667 1.400000 1.433333 1.466667 1.500000 1.533333 1.566667
1.600000 1.633333 1.666667 1.700000 1.733333 1.766667 1.800000 1.833333 1.866667 1.900000 1.933333 1.966667 2.000000 2.033333 2.066667 2.100000</float_array><technique_common><accessor source="#soldier_Spine2-Matrix-animation-input-array" count="64"><param name="TIME" type="float"/></accessor></technique_common></source><source id="soldier_Spine2-Matrix-animation-output-transform"><float_array id="soldier_Spine2-Matrix-animation-output-transform-array" count="1024">

0.999836 -0.000578 0.018091 0.000000 0.003228 0.989156 -0.146832 13.639600 -0.017810 0.146866 0.988996 -1.292300 0.000000 0.000000 0.000000 1.000000
0.999842 -0.000942 0.017753 -0.000000 0.003522 0.989298 -0.145869 13.639600 -0.017426 0.145908 0.989145 -1.292300 0.000000 0.000000 0.000000 1.000000
0.999847 -0.001282 0.017418 0.000000 0.003795 0.989428 -0.144976 13.639600 -0.017048 0.145020 0.989282 -1.292300 0.000000 0.000000 0.000000 1.000000
0.999853 -0.001583 0.017100 0.000000 0.004033 0.989542 -0.144190 13.639600 -0.016693 0.144238 0.989402 -1.292300 0.000000 0.000000 0.000000 1.000000
0.999857 -0.001845 0.016786 0.000000 0.004236 0.989639 -0.143515 13.639600 -0.016347 0.143565 0.989506 -1.292300 0.000000 0.000000 0.000000 1.000000
0.999862 -0.002056 0.016508 0.000000 0.004397 0.989705 -0.143057 13.639600 -0.016044 0.143110 0.989577 -1.292300 0.000000 0.000000 0.000000 1.000000
0.999865 -0.002193 0.016287 -0.000000 0.004495 0.989754 -0.142714 13.639600 -0.015807 0.142768 0.989630 -1.292300 0.000000 0.000000 0.000000 1.000000
0.999868 -0.002275 0.016114 -0.000000 0.004548 0.989791 -0.142457 13.639600 -0.015625 0.142512 0.989670 -1.292300 0.000000 0.000000 0.000000 1.000000
0.999870 -0.002319 0.015971 0.000000 0.004569 0.989811 -0.142314 13.639600 -0.015478 0.142369 0.989693 -1.292300 0.000000 0.000000 0.000000 1.000000
0.999872 -0.002349 0.015815 -0.000000 0.004578 0.989792 -0.142448 13.639600 -0.015319 0.142502 0.989676 -1.292300 0.000000 0.000000 0.000000 1.000000
0.999874 -0.002337 0.015717 0.000000 0.004555 0.989766 -0.142628 13.639600 -0.015223 0.142681 0.989652 -1.292300 0.000000 0.000000 0.000000 1.000000
0.999875 -0.002276 0.015641 0.000000 0.004491 0.989707 -0.143037 13.639600 -0.015154 0.143090 0.989594 -1.292300 0.000000 0.000000 0.000000 1.000000
0.999876 -0.002143 0.015611 0.000000 0.004362 0.989636 -0.143529 13.639600 -0.015141 0.143579 0.989523 -1.292300 0.000000 0.000000 0.000000 1.000000
0.999876 -0.001948 0.015651 0.000000 0.004184 0.989550 -0.144126 13.639600 -0.015207 0.144174 0.989436 -1.292300 0.000000 0.000000 0.000000 1.000000
0.999875 -0.001713 0.015731 0.000000 0.003975 0.989435 -0.144922 13.639600 -0.015317 0.144966 0.989318 -1.292300 0.000000 0.000000 0.000000 1.000000
0.999873 -0.001432 0.015874 0.000000 0.003732 0.989304 -0.145817 13.639600 -0.015495 0.145858 0.989184 -1.292300 0.000000 0.000000 0.000000 1.000000
0.999871 -0.001112 0.016018 0.000000 0.003451 0.989164 -0.146774 13.639600 -0.015682 0.146810 0.989040 -1.292300 0.000000 0.000000 0.000000 1.000000
0.999869 -0.000761 0.016191 -0.000000 0.003147 0.989003 -0.147862 13.639600 -0.015901 0.147893 0.988876 -1.292300 0.000000 0.000000 0.000000 1.000000
