<?xml version="1.0" encoding="utf-8"?>
<COLLADA xmlns="http://www.collada.org/2005/11/COLLADASchema" version="1.4.1">
  <asset><contributor><author>Mixamo</author><authoring_tool>COLLADA Mixamo exporter</authoring_tool><comments></comments></contributor><created>2019-05-01T06:12:45Z</created><modified>2019-05-01T06:12:45Z</modified><revision></revision><title></title><unit meter="0.010000"/><up_axis>Y_UP</up_axis></asset>
  <library_animations>
    <animation id="soldier_Hips-anim" name="soldier_Hips"><source id="soldier_Hips-Matrix-animation-input"><float_array id="soldier_Hips-Matrix-animation-input-array" count="23">

0.000000 0.033333 0.066667 0.100000 0.133333 0.166667 0.200000 0.233333 0.266667 0.300000 0.333333 0.366667 0.400000 0.433333 0.466667 0.500000
0.533333 0.566667 0.600000 0.633333 0.666667 0.700000 0.733333</float_array><technique_common><accessor source="#soldier_Hips-Matrix-animation-input-array" count="23"><param name="TIME" type="float"/></accessor></technique_common></source><source id="soldier_Hips-Matrix-animation-output-transform"><float_array id="soldier_Hips-Matrix-animation-output-transform-array" count="368">

2.463388 -0.010734 -0.619036 -0.018373 -0.091825 2.505197 -0.408846 206.717743 0.612281 0.418893 2.429247 0.170456 0.000000 0.000000 0.000000 1.000000
2.471072 -0.061381 -0.584497 0.314350 -0.038557 2.503735 -0.425938 208.151627 0.586445 0.423252 2.434859 0.095636 0.000000 0.000000 0.000000 1.000000
2.483980 -0.100897 -0.520830 0.694530 0.008533 2.500915 -0.443791 211.387741 0.530445 0.432253 2.446096 0.054084 0.000000 0.000000 0.000000 1.000000
2.498887 -0.124703 -0.437733 0.920697 0.044720 2.498255 -0.456420 215.341965 0.452948 0.441326 2.460014 0.056015 0.000000 0.000000 0.000000 1.000000
2.505307 -0.109077 -0.403905 1.053553 0.038740 2.502102 -0.435412 217.895630 0.416576 0.423304 2.469591 0.026167 0.000000 0.000000 0.000000 1.000000
2.503402 -0.076338 -0.422788 1.375494 0.011742 2.510805 -0.383823 217.846603 0.429464 0.376338 2.474981 -0.124610 0.000000 0.000000 0.000000 1.000000
2.509842 -0.052407 -0.386713 1.465939 -0.001239 2.515910 -0.348995 213.908066 0.390246 0.345040 2.486012 -0.210311 0.000000 0.000000 0.000000 1.000000
2.525840 -0.053648 -0.262396 1.691660 0.021618 2.521239 -0.307386 208.948822 0.266950 0.303440 2.507641 -0.309326 0.000000 0.000000 0.000000 1.000000
2.529688 -0.105310 -0.202953 2.738601 0.085039 2.526155 -0.250821 207.033752 0.212246 0.243008 2.519424 -0.453799 0.000000 0.000000 0.000000 1.000000
2.521463 -0.132503 -0.276165 3.487904 0.108128 2.527657 -0.225518 204.941345 0.286587 0.212115 2.514851 -0.502727 0.000000 0.000000 0.000000 1.000000
2.515126 -0.120146 -0.333623 3.769247 0.088118 2.526564 -0.245576 203.747650 0.343475 0.231597 2.505990 -0.466129 0.000000 0.000000 0.000000 1.000000
2.519690 -0.060966 -0.314711 3.594391 0.028868 2.526664 -0.258337 204.539444 0.319259 0.252694 2.507154 -0.507083 0.000000 0.000000 0.000000 1.000000
2.524846 0.014259 -0.276675 2.838739 -0.047102 2.521797 -0.299865 206.890167 0.273009 0.303206 2.507017 -0.386753 0.000000 0.000000 0.000000 1.000000
2.524437 0.074268 -0.270745 2.412959 -0.113426 2.510503 -0.368928 211.318512 0.256814 0.378757 2.498437 -0.116950 0.000000 0.000000 0.000000 1.000000
2.518845 0.106587 -0.309289 2.622584 -0.158361 2.498557 -0.428644 216.733139 0.286255 0.444357 2.484392 0.126919 0.000000 0.000000 0.000000 1.000000
2.512723 0.086185 -0.361105 3.288969 -0.152962 2.491497 -0.469731 221.406906 0.338271 0.486433 2.469930 0.271034 0.000000 0.000000 0.000000 1.000000
2.509156 0.024239 -0.393892 3.866761 -0.100833 2.490431 -0.489067 223.971222 0.381538 0.498765 2.461151 0.304563 0.000000 0.000000 0.000000 1.000000
2.505913 -0.025460 -0.413944 4.000079 -0.056785 2.490268 -0.496933 223.441483 0.410820 0.499519 2.456279 0.324573 0.000000 0.000000 0.000000 1.000000
2.502759 -0.039950 -0.431512 3.152336 -0.045414 2.491080 -0.494024 220.235306 0.430971 0.494496 2.453841 0.335522 0.000000 0.000000 0.000000 1.000000
2.493353 -0.009126 -0.484468 1.852730 -0.082882 2.494091 -0.473542 216.492859 0.477413 0.480654 2.447989 0.338899 0.000000 0.000000 0.000000 1.000000
2.469793 0.031976 -0.592200 1.108180 -0.132187 2.502183 -0.416182 213.162552 0.578144 0.435498 2.434685 0.256226 0.000000 0.000000 0.000000 1.000000
2.452839 0.027414 -0.659114 0.644420 -0.127654 2.509563 -0.370674 209.749954 0.647215 0.391079 2.424824 0.167948 0.000000 0.000000 0.000000 1.000000
2.457588 -0.001187 -0.641763 0.136283 -0.099741 2.508426 -0.386591 207.371567 0.633966 0.399249 2.426992 0.198160 0.000000 0.000000 0.000000 1.000000</float_array><technique_common><accessor source="#soldier_Hips-Matrix-animation-output-transform-array" count="23" stride="16"><param type="float4x4"/></accessor></technique_common></source><source id="soldier_Hips-Interpolations"><Name_array id="soldier_Hips-Interpolations-array" count="23">
 LINEAR LINEAR LINEAR LINEAR LINEAR LINEAR LINEAR LINEAR LINEAR LINEAR LINEAR
LINEAR LINEAR LINEAR LINEAR LINEAR LINEAR LINEAR LINEAR LINEAR LINEAR LINEAR LINEAR</Name_array><technique_common><accessor source="#soldier_Hips-Interpolations-array" count="23"><param type="name"/></accessor></technique_common></source><sampler id="soldier_Hips-Matrix-animation-transform"><input semantic="INPUT" source="#soldier_Hips-Matrix-animation-input"/><input semantic="OUTPUT" source="#soldier_Hips-Matrix-animation-output-transform"/><input semantic="INTERPOLATION" source="#soldier_Hips-Interpolations"/></sampler><channel source="#soldier_Hips-Matrix-animation-transform" target="soldier_Hips/matrix"/></animation>
    <animation id="soldier_Spine-anim" name="soldier_Spine"><source id="soldier_Spine-Matrix-animation-input"><float_array id="soldier_Spine-Matrix-animation-input-array" count="23">

0.000000 0.033333 0.066667 0.100000 0.133333 0.166667 0.200000 0.233333 0.266667 0.300000 0.333333 0.366667 0.400000 0.433333 0.466667 0.500000
0.533333 0.566667 0.600000 0.633333 0.666667 0.700000 0.733333</float_array><technique_common><accessor source="#soldier_Spine-Matrix-animation-input-array" count="23"><param name="TIME" type="float"/></accessor></technique_common></source><source id="soldier_Spine-Matrix-animation-output-transform"><float_array id="soldier_Spine-Matrix-animation-output-transform-array" count="368">

0.997818 -0.035415 -0.055726 0.000000 0.026351 0.987449 -0.155721 9.226300 0.060541 0.153913 0.986228 1.577100 0.000000 0.000000 0.000000 1.000000
0.997944 -0.016055 -0.062051 -0.000000 0.006552 0.988601 -0.150416 9.226300 0.063759 0.149700 0.986674 1.577100 0.000000 0.000000 0.000000 1.000000
0.997409 -0.001706 -0.071919 0.000000 -0.008863 0.989189 -0.146377 9.226300 0.071391 0.146635 0.986611 1.577100 0.000000 0.000000 0.000000 1.000000
0.996706 0.006418 -0.080841 0.000000 -0.017612 0.990201 -0.138537 9.226300 0.079159 0.139504 0.987052 1.577100 0.000000 0.000000 0.000000 1.000000
0.996925 0.002016 -0.078333 0.000000 -0.012441 0.991060 -0.132832 9.226300 0.077365 0.133398 0.988038 1.577100 0.000000 0.000000 0.000000 1.000000
0.997261 -0.000126 -0.073960 -0.000000 -0.009826 0.990910 -0.134171 9.226300 0.073305 0.134530 0.988194 1.577100 0.000000 0.000000 0.000000 1.000000
0.996033 0.006556 -0.088748 0.000000 -0.018173 0.991252 -0.130728 9.226300 0.087115 0.131822 0.987438 1.577100 0.000000 0.000000 0.000000 1.000000
0.992775 0.016722 -0.118819 0.000000 -0.033067 0.990025 -0.136955 9.226300 0.115344 0.139895 0.983425 1.577100 0.000000 0.000000 0.000000 1.000000
0.991480 0.035795 -0.125248 0.000000 -0.055911 0.985371 -0.160988 9.226300 0.117653 0.166619 0.978977 1.577100 0.000000 0.000000 0.000000 1.000000
0.993547 0.043224 -0.104863 0.000000 -0.060452 0.984079 -0.167135 9.226300 0.095969 0.172395 0.980342 1.577100 0.000000 0.000000 0.000000 1.000000
0.994682 0.032716 -0.097661 0.000000 -0.048049 0.986101 -0.159045 9.226300 0.091100 0.162891 0.982429 1.577100 0.000000 0.000000 0.000000 1.000000
0.994140 0.006798 -0.107889 0.000000 -0.024272 0.986575 -0.161498 9.226300 0.105343 0.163170 0.980958 1.577100 0.000000 0.000000 0.000000 1.000000
0.992071 -0.023217 -0.123515 0.000000 0.003302 0.987265 -0.159051 9.226300 0.125635 0.157382 0.979513 1.577100 0.000000 0.000000 0.000000 1.000000
0.990542 -0.050152 -0.127719 0.000000 0.029896 0.987330 -0.155842 9.226300 0.133916 0.150549 0.979490 1.577100 0.000000 0.000000 0.000000 1.000000
0.990510 -0.070338 -0.118078 0.000000 0.051319 0.986262 -0.157014 9.226300 0.127500 0.149464 0.980512 1.577100 0.000000 0.000000 0.000000 1.000000
0.990741 -0.073928 -0.113875 0.000000 0.056259 0.986896 -0.151230 9.226300 0.123563 0.143424 0.981917 1.577100 0.000000 0.000000 0.000000 1.000000
0.991336 -0.064314 -0.114530 0.000000 0.048349 0.989377 -0.137095 9.226300 0.122131 0.130370 0.983914 1.577100 0.000000 0.000000 0.000000 1.000000
0.992161 -0.059684 -0.109793 0.000000 0.045434 0.990733 -0.127998 9.226300 0.116415 0.122007 0.985678 1.577100 0.000000 0.000000 0.000000 1.000000
0.993429 -0.059869 -0.097538 0.000000 0.047340 0.990894 -0.126048 9.226300 0.104196 0.120602 0.987218 1.577100 0.000000 0.000000 0.000000 1.000000
0.994983 -0.064102 -0.076810 0.000000 0.053207 0.989232 -0.136341 9.226300 0.084723 0.131570 0.987680 1.577100 0.000000 0.000000 0.000000 1.000000
0.995798 -0.063287 -0.066183 0.000000 0.051668 0.985020 -0.164520 9.226300 0.075603 0.160409 0.984151 1.577100 0.000000 0.000000 0.000000 1.000000
0.996518 -0.048984 -0.067468 0.000000 0.036312 0.983421 -0.177665 9.226300 0.075052 0.174597 0.981775 1.577100 0.000000 0.000000 0.000000 1.000000
0.997391 -0.037259 -0.061822 0.000000 0.026619 0.985972 -0.164775 9.226300 0.067094 0.162700 0.984392 1.577100 0.000000 0.000000 0.000000 1.000000</float_array><technique_common><accessor source="#soldier_Spine-Matrix-animation-output-transform-array" count="23" stride="16"><param type="float4x4"/></accessor></technique_common></source><source id="soldier_Spine-Interpolations"><Name_array id="soldier_Spine-Interpolations-array" count="23">
 LINEAR LINEAR LINEAR LINEAR LINEAR LINEAR LINEAR LINEAR LINEAR LINEAR LINEAR
LINEAR LINEAR LINEAR LINEAR LINEAR LINEAR LINEAR LINEAR LINEAR LINEAR LINEAR LINEAR</Name_array><technique_common><accessor source="#soldier_Spine-Interpolations-array" count="23"><param type="name"/></accessor></technique_common></source><sampler id="soldier_Spine-Matrix-animation-transform"><input semantic="INPUT" source="#soldier_Spine-Matrix-animation-input"/><input semantic="OUTPUT" source="#soldier_Spine-Matrix-animation-output-transform"/><input semantic="INTERPOLATION" source="#soldier_Spine-Interpolations"/></sampler><channel source="#soldier_Spine-Matrix-animation-transform" target="soldier_Spine/matrix"/></animation>
    <animation id="soldier_Spine1-anim" name="soldier_Spine1"><source id="soldier_Spine1-Matrix-animation-input"><float_array id="soldier_Spine1-Matrix-animation-input-array" count="23">

0.000000 0.033333 0.066667 0.100000 0.133333 0.166667 0.200000 0.233333 0.266667 0.300000 0.333333 0.366667 0.400000 0.433333 0.466667 0.500000
0.533333 0.566667 0.600000 0.633333 0.666667 0.700000 0.733333</float_array><technique_common><accessor source="#soldier_Spine1-Matrix-animation-input-array" count="23"><param name="TIME" type="float"/></accessor></technique_common></source><source id="soldier_Spine1-Matrix-animation-output-transform"><float_array id="soldier_Spine1-Matrix-animation-output-transform-array" count="368">

0.999849 0.001356 -0.017320 0.000000 -0.002371 0.998270 -0.058740 16.254000 0.017211 0.058772 0.998123 -0.165600 0.000000 0.000000 0.000000 1.000000
0.999820 0.004619 -0.018390 0.000000 -0.005633 0.998444 -0.055470 16.254000 0.018105 0.055564 0.998291 -0.165600 0.000000 0.000000 0.000000 1.000000
0.999773 0.005560 -0.020551 -0.000000 -0.006695 0.998434 -0.055541 16.254000 0.020210 0.055666 0.998245 -0.165600 0.000000 0.000000 0.000000 1.000000
0.999743 0.003796 -0.022331 0.000000 -0.005027 0.998454 -0.055357 16.254000 0.022086 0.055455 0.998217 -0.165600 0.000000 0.000000 0.000000 1.000000
0.999762 0.001909 -0.021726 0.000000 -0.003162 0.998324 -0.057791 16.254000 0.021579 0.057846 0.998092 -0.165600 0.000000 0.000000 0.000000 1.000000
0.999784 0.000373 -0.020802 -0.000000 -0.001762 0.997766 -0.066781 16.254000 0.020730 0.066803 0.997551 -0.165600 0.000000 0.000000 0.000000 1.000000
0.999672 -0.002256 -0.025504 0.000000 0.000503 0.997648 -0.068548 16.254000 0.025598 0.068513 0.997322 -0.165600 0.000000 0.000000 0.000000 1.000000
0.999370 -0.002424 -0.035421 0.000000 0.000194 0.998024 -0.062839 16.254000 0.035504 0.062792 0.997395 -0.165600 0.000000 0.000000 0.000000 1.000000
0.999301 -0.000144 -0.037392 -0.000000 -0.002093 0.998211 -0.059757 16.254000 0.037334 0.059793 0.997512 -0.165600 0.000000 0.000000 0.000000 1.000000
0.999521 0.000746 -0.030930 -0.000000 -0.002631 0.998137 -0.060952 16.254000 0.030827 0.061004 0.997661 -0.165600 0.000000 0.000000 0.000000 1.000000
0.999579 -0.002270 -0.028942 -0.000000 0.000536 0.998213 -0.059756 16.254000 0.029026 0.059716 0.997793 -0.165600 0.000000 0.000000 0.000000 1.000000
0.999426 -0.009404 -0.032559 0.000000 0.007441 0.998178 -0.059883 16.254000 0.033063 0.059606 0.997674 -0.165600 0.000000 0.000000 0.000000 1.000000
0.999181 -0.013964 -0.037967 0.000000 0.011748 0.998249 -0.057981 16.254000 0.038710 0.057487 0.997595 -0.165600 0.000000 0.000000 0.000000 1.000000
0.999026 -0.017894 -0.040344 -0.000000 0.015654 0.998355 -0.055155 16.254000 0.041264 0.054470 0.997662 -0.165600 0.000000 0.000000 0.000000 1.000000
0.999011 -0.022124 -0.038560 -0.000000 0.019931 0.998213 -0.056336 16.254000 0.039738 0.055512 0.997667 -0.165600 0.000000 0.000000 0.000000 1.000000
0.999058 -0.021443 -0.037734 -0.000000 0.019320 0.998258 -0.055745 16.254000 0.038864 0.054963 0.997732 -0.165600 0.000000 0.000000 0.000000 1.000000
0.999155 -0.016923 -0.037467 0.000000 0.014928 0.998488 -0.052904 16.254000 0.038306 0.052300 0.997896 -0.165600 0.000000 0.000000 0.000000 1.000000
0.999302 -0.012154 -0.035336 0.000000 0.010344 0.998648 -0.050946 16.254000 0.035907 0.050545 0.998076 -0.165600 0.000000 0.000000 0.000000 1.000000
0.999473 -0.008726 -0.031273 -0.000000 0.007261 0.998883 -0.046683 16.254000 0.031645 0.046431 0.998420 -0.165600 0.000000 0.000000 0.000000 1.000000
0.999655 -0.008301 -0.024937 0.000000 0.007337 0.999231 -0.038509 16.254000 0.025238 0.038312 0.998947 -0.165600 0.000000 0.000000 0.000000 1.000000
0.999746 -0.006302 -0.021622 0.000000 0.005345 0.999016 -0.044025 16.254000 0.021878 0.043898 0.998796 -0.165600 0.000000 0.000000 0.000000 1.000000
0.999766 -0.001134 -0.021620 0.000000 -0.000186 0.998143 -0.060917 16.254000 0.021649 0.060907 0.997909 -0.165600 0.000000 0.000000 0.000000 1.000000
0.999811 0.001457 -0.019405 0.000000 -0.002690 0.997967 -0.063676 16.254000 0.019272 0.063716 0.997782 -0.165600 0.000000 0.000000 0.000000 1.000000</float_array><technique_common><accessor source="#soldier_Spine1-Matrix-animation-output-transform-array" count="23" stride="16"><param type="float4x4"/></accessor></technique_common></source><source id="soldier_Spine1-Interpolations"><Name_array id="soldier_Spine1-Interpolations-array" count="23">
 LINEAR LINEAR LINEAR LINEAR LINEAR LINEAR LINEAR LINEAR LINEAR LINEAR LINEAR
LINEAR LINEAR LINEAR LINEAR LINEAR LINEAR LINEAR LINEAR LINEAR LINEAR LINEAR LINEAR</Name_array><technique_common><accessor source="#soldier_Spine1-Interpolations-array" count="23"><param type="name"/></accessor></technique_common></source><sampler id="soldier_Spine1-Matrix-animation-transform"><input semantic="INPUT" source="#soldier_Spine1-Matrix-animation-input"/><input semantic="OUTPUT" source="#soldier_Spine1-Matrix-animation-output-transform"/><input semantic="INTERPOLATION" source="#soldier_Spine1-Interpolations"/></sampler><channel source="#soldier_Spine1-Matrix-animation-transform" target="soldier_Spine1/matrix"/></animation>
    <animation id="soldier_Spine2-anim" name="soldier_Spine2"><source id="soldier_Spine2-Matrix-animation-input"><float_array id="soldier_Spine2-Matrix-animation-input-array" count="23">

0.000000 0.033333 0.066667 0.100000 0.133333 0.166667 0.200000 0.233333 0.266667 0.300000 0.333333 0.366667 0.400000 0.433333 0.466667 0.500000
0.533333 0.566667 0.600000 0.633333 0.666667 0.700000 0.733333</float_array><technique_common><accessor source="#soldier_Spine2-Matrix-animation-input-array" count="23"><param name="TIME" type="float"/></accessor></technique_common></source><source id="soldier_Spine2-Matrix-animation-output-transform"><float_array id="soldier_Spine2-Matrix-animation-output-transform-array" count="368">

0.999844 0.001510 -0.017625 0.000000 -0.002541 0.998279 -0.058596 13.639600 0.017506 0.058631 0.998126 -1.292300 0.000000 0.000000 0.000000 1.000000
0.999815 0.004751 -0.018647 0.000000 -0.005777 0.998451 -0.055332 13.639600 0.018355 0.055429 0.998294 -1.292300 0.000000 0.000000 0.000000 1.000000
0.999769 0.005737 -0.020727 -0.000000 -0.006878 0.998439 -0.055432 13.639600 0.020377 0.055562 0.998247 -1.292300 0.000000 0.000000 0.000000 1.000000
0.999741 0.004040 -0.022415 -0.000000 -0.005275 0.998456 -0.055302 13.639600 0.022157 0.055406 0.998218 -1.292300 0.000000 0.000000 0.000000 1.000000
0.999760 0.002221 -0.021791 0.000000 -0.003477 0.998325 -0.057752 13.639600 0.021626 0.057814 0.998093 -1.292300 0.000000 0.000000 0.000000 1.000000
0.999778 0.000811 -0.021064 -0.000000 -0.002214 0.997772 -0.066680 13.639600 0.020963 0.066712 0.997552 -1.292300 0.000000 0.000000 0.000000 1.000000
0.999662 -0.001648 -0.025930 0.000000 -0.000129 0.997659 -0.068387 13.639600 0.025982 0.068367 0.997322 -1.292300 0.000000 0.000000 0.000000 1.000000
0.999359 -0.001787 -0.035749 0.000000 -0.000457 0.998033 -0.062682 13.639600 0.035791 0.062658 0.997393 -1.292300 0.000000 0.000000 0.000000 1.000000
0.999295 0.000219 -0.037552 -0.000000 -0.002463 0.998212 -0.059715 13.639600 0.037472 0.059765 0.997509 -1.292300 0.000000 0.000000 0.000000 1.000000
0.999518 0.000985 -0.031034 0.000000 -0.002876 0.998136 -0.060962 13.639600 0.030916 0.061022 0.997658 -1.292300 0.000000 0.000000 0.000000 1.000000
0.999576 -0.002039 -0.029062 0.000000 0.000298 0.998213 -0.059763 13.639600 0.029132 0.059729 0.997789 -1.292300 0.000000 0.000000 0.000000 1.000000
0.999424 -0.009143 -0.032668 0.000000 0.007173 0.998178 -0.059917 13.639600 0.033157 0.059648 0.997669 -1.292300 0.000000 0.000000 0.000000 1.000000
0.999180 -0.013671 -0.038099 0.000000 0.011447 0.998252 -0.057988 13.639600 0.038825 0.057505 0.997590 -1.292300 0.000000 0.000000 0.000000 1.000000
0.999024 -0.017594 -0.040511 0.000000 0.015347 0.998362 -0.055122 13.639600 0.041414 0.054446 0.997657 -1.292300 0.000000 0.000000 0.000000 1.000000
0.999009 -0.021776 -0.038813 0.000000 0.019573 0.998224 -0.056267 13.639600 0.039970 0.055451 0.997661 -1.292300 0.000000 0.000000 0.000000 1.000000
0.999053 -0.021060 -0.038071 0.000000 0.018925 0.998274 -0.055598 13.639600 0.039176 0.054825 0.997727 -1.292300 0.000000 0.000000 0.000000 1.000000
0.999149 -0.016504 -0.037809 -0.000000 0.014499 0.998505 -0.052708 13.639600 0.038622 0.052115 0.997894 -1.292300 0.000000 0.000000 0.000000 1.000000
0.999297 -0.011704 -0.035626 0.000000 0.009887 0.998662 -0.050756 13.639600 0.036173 0.050368 0.998075 -1.292300 0.000000 0.000000 0.000000 1.000000
0.999469 -0.008391 -0.031499 0.000000 0.006920 0.998894 -0.046514 13.639600 0.031855 0.046272 0.998421 -1.292300 0.000000 0.000000 0.000000 1.000000
0.999651 -0.008268 -0.025099 -0.000000 0.007301 0.999237 -0.038375 13.639600 0.025397 0.038178 0.998948 -1.292300 0.000000 0.000000 0.000000 1.000000
0.999741 -0.006374 -0.021844 0.000000 0.005411 0.999022 -0.043880 13.639600 0.022102 0.043751 0.998798 -1.292300 0.000000 0.000000 0.000000 1.000000
0.999758 -0.000987 -0.021963 -0.000000 -0.000348 0.998154 -0.060733 13.639600 0.021982 0.060726 0.997912 -1.292300 0.000000 0.000000 0.000000 1.000000
0.999804 0.001684 -0.019747 -0.000000 -0.002935 0.997977 -0.063506 13.639600 0.019600 0.063551 0.997786 -1.292300 0.000000 0.000000 0.000000 1.000000</float_array><technique_common><accessor source="#soldier_Spine2-Matrix-animation-output-transform-array" count="23" stride="16"><param type="float4x4"/></accessor></technique_common></source><source id="soldier_Spine2-Interpolations"><Name_array id="soldier_Spine2-Interpolations-array" count="23">
 LINEAR LINEAR LINEAR LINEAR LINEAR LINEAR LINEAR LINEAR LINEAR LINEAR LINEAR
LINEAR LINEAR LINEAR LINEAR LINEAR LINEAR LINEAR LINEAR LINEAR LINEAR LINEAR LINEAR</Name_array><technique_common><accessor source="#soldier_Spine2-Interpolations-array" count="23"><param type="name"/></accessor></technique_common></source><sampler id="soldier_Spine2-Matrix-animation-transform"><input semantic="INPUT" source="#soldier_Spine2-Matrix-animation-input"/><input semantic="OUTPUT" source="#soldier_Spine2-Matrix-animation-output-transform"/><input semantic="INTERPOLATION" source="#soldier_Spine2-Interpolations"/></sampler><channel source="#soldier_Spine2-Matrix-animation-transform" target="soldier_Spine2/matrix"/></animation>
    <animation id="soldier_Neck-anim" name="soldier_Neck"><source id="soldier_Neck-Matrix-animation-input"><float_array id="soldier_Neck-Matrix-animation-input-array" count="23">

0.000000 0.033333 0.066667 0.100000 0.133333 0.166667 0.200000 0.233333 0.266667 0.300000 0.333333 0.366667 0.400000 0.433333 0.466667 0.500000
0.533333 0.566667 0.600000 0.633333 0.666667 0.700000 0.733333</float_array><technique_common><accessor source="#soldier_Neck-Matrix-animation-input-array" count="23"><param name="TIME" type="float"/></accessor></technique_common></source><source id="soldier_Neck-Matrix-animation-output-transform"><float_array id="soldier_Neck-Matrix-animation-output-transform-array" count="368">

0.997708 -0.022205 0.063915 -0.000000 0.026899 0.996930 -0.073532 13.877400 -0.062086 0.075083 0.995243 -4.354200 0.000000 0.000000 0.000000 1.000000
0.997681 -0.021463 0.064592 0.000000 0.026371 0.996750 -0.076125 13.877400 -0.062748 0.077652 0.995004 -4.354200 0.000000 0.000000 0.000000 1.000000
0.997748 -0.021131 0.063654 -0.000000 0.026216 0.996438 -0.080145 13.877400 -0.061733 0.081634 0.994749 -4.354200 0.000000 0.000000 0.000000 1.000000
0.997847 -0.022724 0.061529 -0.000000 0.028232 0.995525 -0.090182 13.877400 -0.059204 0.091725 0.994023 -4.354200 0.000000 0.000000 0.000000 1.000000
0.997936 -0.026529 0.058476 0.000000 0.032157 0.994716 -0.097502 13.877400 -0.055580 0.099182 0.993516 -4.354200 0.000000 0.000000 0.000000 1.000000
0.997972 -0.029355 0.056489 0.000000 0.034508 0.995114 -0.092508 13.877400 -0.053498 0.094270 0.994108 -4.354200 0.000000 0.000000 0.000000 1.000000
0.997829 -0.036003 0.055141 -0.000000 0.040860 0.995134 -0.089656 13.877400 -0.051644 0.091714 0.994445 -4.354200 0.000000 0.000000 0.000000 1.000000
0.997797 -0.040187 0.052775 0.000000 0.044877 0.994845 -0.090935 13.877400 -0.048849 0.093103 0.994457 -4.354200 0.000000 0.000000 0.000000 1.000000
0.998227 -0.032771 0.049684 -0.000000 0.037360 0.994828 -0.094454 13.877400 -0.046332 0.096143 0.994289 -4.354200 0.000000 0.000000 0.000000 1.000000
0.998447 -0.023231 0.050629 -0.000000 0.028247 0.994512 -0.100735 13.877400 -0.048011 0.102009 0.993624 -4.354200 0.000000 0.000000 0.000000 1.000000
0.998367 -0.020796 0.053207 0.000000 0.026115 0.994513 -0.101303 13.877400 -0.050808 0.102527 0.993432 -4.354200 0.000000 0.000000 0.000000 1.000000
0.998304 -0.024206 0.052950 0.000000 0.029128 0.995123 -0.094248 13.877400 -0.050411 0.095631 0.994140 -4.354200 0.000000 0.000000 0.000000 1.000000
0.998065 -0.033124 0.052625 -0.000000 0.037882 0.995024 -0.092153 13.877400 -0.049311 0.093968 0.994353 -4.354200 0.000000 0.000000 0.000000 1.000000
0.997777 -0.043848 0.050178 0.000000 0.048394 0.994462 -0.093291 13.877400 -0.045810 0.095512 0.994374 -4.354200 0.000000 0.000000 0.000000 1.000000
0.997599 -0.051610 0.046188 -0.000000 0.055519 0.994590 -0.087802 13.877400 -0.041407 0.090156 0.995067 -4.354200 0.000000 0.000000 0.000000 1.000000
0.997363 -0.056739 0.045259 0.000000 0.060477 0.994457 -0.086016 13.877400 -0.040128 0.088526 0.995265 -4.354200 0.000000 0.000000 0.000000 1.000000
0.997261 -0.057594 0.046413 0.000000 0.061588 0.994053 -0.089809 13.877400 -0.040965 0.092422 0.994877 -4.354200 0.000000 0.000000 0.000000 1.000000
0.997405 -0.054928 0.046535 0.000000 0.058913 0.994279 -0.089102 13.877400 -0.041375 0.091612 0.994935 -4.354200 0.000000 0.000000 0.000000 1.000000
0.997573 -0.053383 0.044708 0.000000 0.057058 0.994711 -0.085404 13.877400 -0.039912 0.087748 0.995343 -4.354200 0.000000 0.000000 0.000000 1.000000
0.997725 -0.049908 0.045328 0.000000 0.053704 0.994778 -0.086789 13.877400 -0.040760 0.089026 0.995195 -4.354200 0.000000 0.000000 0.000000 1.000000
0.997788 -0.035978 0.055898 0.000000 0.040646 0.995573 -0.084748 13.877400 -0.052602 0.086833 0.994833 -4.354200 0.000000 0.000000 0.000000 1.000000
0.997571 -0.023636 0.065523 0.000000 0.028395 0.996951 -0.072678 13.877400 -0.063606 0.074362 0.995201 -4.354200 0.000000 0.000000 0.000000 1.000000
0.997618 -0.021746 0.065462 0.000000 0.026278 0.997258 -0.069187 13.877400 -0.063778 0.070743 0.995454 -4.354200 0.000000 0.000000 0.000000 1.000000</float_array><technique_common><accessor source="#soldier_Neck-Matrix-animation-output-transform-array" count="23" stride="16"><param type="float4x4"/></accessor></technique_common></source><source id="soldier_Neck-Interpolations"><Name_array id="soldier_Neck-Interpolations-array" count="23">
 LINEAR LINEAR LINEAR LINEAR LINEAR LINEAR LINEAR LINEAR LINEAR LINEAR LINEAR
LINEAR LINEAR LINEAR LINEAR LINEAR LINEAR LINEAR LINEAR LINEAR LINEAR LINEAR LINEAR</Name_array><technique_common><accessor source="#soldier_Neck-Interpolations-array" count="23"><param type="name"/></accessor></technique_common></source><sampler id="soldier_Neck-Matrix-animation-transform"><input semantic="INPUT" source="#soldier_Neck-Matrix-animation-input"/><input semantic="OUTPUT" source="#soldier_Neck-Matrix-animation-output-transform"/><input semantic="INTERPOLATION" source="#soldier_Neck-Interpolations"/></sampler><channel source="#soldier_Neck-Matrix-animation-transform" target="soldier_Neck/matrix"/></animation>
    <animation id="soldier_Neck1-anim" name="soldier_Neck1"><source id="soldier_Neck1-Matrix-animation-input"><float_array id="soldier_Neck1-Matrix-animation-input-array" count="23">

0.000000 0.033333 0.066667 0.100000 0.133333 0.166667 0.200000 0.233333 0.266667 0.300000 0.333333 0.366667 0.400000 0.433333 0.466667 0.500000
0.533333 0.566667 0.600000 0.633333 0.666667 0.700000 0.733333</float_array><technique_common><accessor source="#soldier_Neck1-Matrix-animation-input-array" count="23"><param name="TIME" type="float"/></accessor></technique_common></source><source id="soldier_Neck1-Matrix-animation-output-transform"><float_array id="soldier_Neck1-Matrix-animation-output-transform-array" count="368">

0.997708 -0.022206 0.063915 0.000000 0.026899 0.996930 -0.073532 4.340000 -0.062086 0.075083 0.995243 0.926900 0.000000 0.000000 0.000000 1.000000
0.997681 -0.021462 0.064592 0.000000 0.026371 0.996750 -0.076123 4.340000 -0.062749 0.077650 0.995004 0.926900 0.000000 0.000000 0.000000 1.000000
0.997748 -0.021131 0.063654 -0.000000 0.026216 0.996438 -0.080146 4.340000 -0.061733 0.081634 0.994749 0.926900 0.000000 0.000000 0.000000 1.000000
0.997847 -0.022724 0.061529 0.000000 0.028232 0.995525 -0.090182 4.340000 -0.059204 0.091725 0.994023 0.926900 0.000000 0.000000 0.000000 1.000000
0.997936 -0.026529 0.058476 0.000000 0.032157 0.994715 -0.097504 4.340000 -0.055580 0.099184 0.993516 0.926900 0.000000 0.000000 0.000000 1.000000
0.997972 -0.029355 0.056490 -0.000000 0.034507 0.995114 -0.092509 4.340000 -0.053498 0.094271 0.994108 0.926900 0.000000 0.000000 0.000000 1.000000
0.997829 -0.036003 0.055140 0.000000 0.040860 0.995134 -0.089655 4.340000 -0.051644 0.091713 0.994445 0.926900 0.000000 0.000000 0.000000 1.000000
0.997797 -0.040187 0.052775 0.000000 0.044878 0.994845 -0.090937 4.340000 -0.048849 0.093105 0.994457 0.926900 0.000000 0.000000 0.000000 1.000000
0.998227 -0.032771 0.049684 0.000000 0.037360 0.994828 -0.094454 4.340000 -0.046332 0.096143 0.994289 0.926900 0.000000 0.000000 0.000000 1.000000
0.998447 -0.023231 0.050629 0.000000 0.028247 0.994512 -0.100735 4.340000 -0.048011 0.102009 0.993624 0.926900 0.000000 0.000000 0.000000 1.000000
0.998367 -0.020796 0.053207 0.000000 0.026115 0.994513 -0.101303 4.340000 -0.050808 0.102527 0.993432 0.926900 0.000000 0.000000 0.000000 1.000000
0.998304 -0.024206 0.052951 0.000000 0.029128 0.995122 -0.094250 4.340000 -0.050411 0.095632 0.994139 0.926900 0.000000 0.000000 0.000000 1.000000
0.998065 -0.033124 0.052625 0.000000 0.037882 0.995024 -0.092153 4.340000 -0.049311 0.093968 0.994353 0.926900 0.000000 0.000000 0.000000 1.000000
0.997777 -0.043848 0.050178 0.000000 0.048394 0.994462 -0.093291 4.340000 -0.045810 0.095512 0.994374 0.926900 0.000000 0.000000 0.000000 1.000000
0.997599 -0.051610 0.046188 0.000000 0.055519 0.994590 -0.087802 4.340000 -0.041407 0.090156 0.995067 0.926900 0.000000 0.000000 0.000000 1.000000
0.997363 -0.056739 0.045259 0.000000 0.060477 0.994457 -0.086015 4.340000 -0.040128 0.088526 0.995265 0.926900 0.000000 0.000000 0.000000 1.000000
0.997261 -0.057594 0.046413 0.000000 0.061589 0.994053 -0.089811 4.340000 -0.040964 0.092424 0.994877 0.926900 0.000000 0.000000 0.000000 1.000000
0.997405 -0.054928 0.046535 -0.000000 0.058913 0.994278 -0.089104 4.340000 -0.041375 0.091614 0.994935 0.926900 0.000000 0.000000 0.000000 1.000000
0.997573 -0.053383 0.044708 0.000000 0.057058 0.994711 -0.085405 4.340000 -0.039912 0.087748 0.995343 0.926900 0.000000 0.000000 0.000000 1.000000
0.997725 -0.049908 0.045328 0.000000 0.053704 0.994778 -0.086789 4.340000 -0.040760 0.089026 0.995195 0.926900 0.000000 0.000000 0.000000 1.000000
0.997788 -0.035978 0.055898 -0.000000 0.040646 0.995573 -0.084748 4.340000 -0.052602 0.086833 0.994833 0.926900 0.000000 0.000000 0.000000 1.000000
0.997571 -0.023636 0.065523 0.000000 0.028395 0.996951 -0.072677 4.340000 -0.063605 0.074361 0.995201 0.926900 0.000000 0.000000 0.000000 1.000000
0.997618 -0.021746 0.065462 0.000000 0.026278 0.997258 -0.069187 4.340000 -0.063778 0.070743 0.995454 0.926900 0.000000 0.000000 0.000000 1.000000</float_array><technique_common><accessor source="#soldier_Neck1-Matrix-animation-output-transform-array" count="23" stride="16"><param type="float4x4"/></accessor></technique_common></source><source id="soldier_Neck1-Interpolations"><Name_array id="soldier_Neck1-Interpolations-array" count="23">
 LINEAR LINEAR LINEAR LINEAR LINEAR LINEAR LINEAR LINEAR LINEAR LINEAR LINEAR
LINEAR LINEAR LINEAR LINEAR LINEAR LINEAR LINEAR LINEAR LINEAR LINEAR LINEAR LINEAR</Name_array><technique_common><accessor source="#soldier_Neck1-Interpolations-array" count="23"><param type="name"/></accessor></technique_common></source><sampler id="soldier_Neck1-Matrix-animation-transform"><input semantic="INPUT" source="#soldier_Neck1-Matrix-animation-input"/><input semantic="OUTPUT" source="#soldier_Neck1-Matrix-animation-output-transform"/><input semantic="INTERPOLATION" source="#soldier_Neck1-Interpolations"/></sampler><channel source="#soldier_Neck1-Matrix-animation-transform" target="soldier_Neck1/matrix"/></animation>
    <animation id="soldier_Head-anim" name="soldier_Head"><source id="soldier_Head-Matrix-animation-input"><float_array id="soldier_Head-Matrix-animation-input-array" count="23">

0.000000 0.033333 0.066667 0.100000 0.133333 0.166667 0.200000 0.233333 0.266667 0.300000 0.333333 0.366667 0.400000 0.433333 0.466667 0.500000
0.533333 0.566667 0.600000 0.633333 0.666667 0.700000 0.733333</float_array><technique_common><accessor source="#soldier_Head-Matrix-animation-input-array" count="23"><param name="TIME" type="float"/></accessor></technique_common></source><source id="soldier_Head-Matrix-animation-output-transform"><float_array id="soldier_Head-Matrix-animation-output-transform-array" count="368">

0.958515 -0.182580 0.218890 0.000000 0.154810 0.978250 0.138062 4.026600 -0.239337 -0.098448 0.965933 0.858500 0.000000 0.000000 0.000000 1.000000
0.956485 -0.197345 0.214921 0.000000 0.166696 0.974128 0.152601 4.026600 -0.239475 -0.110135 0.964636 0.858500 0.000000 0.000000 0.000000 1.000000
0.956431 -0.205420 0.207468 0.000000 0.174313 0.971826 0.158649 4.026600 -0.234213 -0.115573 0.965291 0.858500 0.000000 0.000000 0.000000 1.000000
0.958644 -0.201416 0.201082 -0.000000 0.169858 0.971791 0.163619 4.026600 -0.228365 -0.122697 0.965813 0.858500 0.000000 0.000000 0.000000 1.000000
0.962231 -0.187718 0.197166 -0.000000 0.157150 0.974401 0.160769 4.026600 -0.222298 -0.123712 0.967098 0.858500 0.000000 0.000000 0.000000 1.000000
0.963890 -0.180594 0.195708 0.000000 0.154111 0.977634 0.143117 4.026600 -0.217177 -0.107788 0.970163 0.858500 0.000000 0.000000 0.000000 1.000000
0.963494 -0.181588 0.196737 -0.000000 0.155440 0.977706 0.141172 4.026600 -0.217986 -0.105438 0.970240 0.858500 0.000000 0.000000 0.000000 1.000000
0.963608 -0.191790 0.186215 0.000000 0.162082 0.973132 0.163537 4.026600 -0.212576 -0.127403 0.968803 0.858500 0.000000 0.000000 0.000000 1.000000
0.964948 -0.209013 0.158711 0.000000 0.180094 0.967252 0.178855 4.026600 -0.190896 -0.144003 0.970990 0.858500 0.000000 0.000000 0.000000 1.000000
0.964832 -0.215174 0.150993 0.000000 0.188926 0.967018 0.170833 4.026600 -0.182771 -0.136299 0.973662 0.858500 0.000000 0.000000 0.000000 1.000000
0.964512 -0.207815 0.162879 0.000000 0.182746 0.970658 0.156291 4.026600 -0.190579 -0.120979 0.974189 0.858500 0.000000 0.000000 0.000000 1.000000
0.964002 -0.207532 0.166227 0.000000 0.183423 0.971625 0.149333 4.026600 -0.192502 -0.113467 0.974714 0.858500 0.000000 0.000000 0.000000 1.000000
0.963755 -0.200349 0.176171 -0.000000 0.174536 0.972907 0.151620 4.026600 -0.201775 -0.115377 0.972612 0.858500 0.000000 0.000000 0.000000 1.000000
0.966724 -0.176374 0.185299 0.000000 0.149517 0.977288 0.150174 4.026600 -0.207578 -0.117471 0.971139 0.858500 0.000000 0.000000 0.000000 1.000000
0.971013 -0.146817 0.188625 -0.000000 0.122707 0.983389 0.133749 4.026600 -0.205128 -0.106726 0.972899 0.858500 0.000000 0.000000 0.000000 1.000000
0.971978 -0.127621 0.197413 0.000000 0.105455 0.987275 0.119025 4.026600 -0.210091 -0.094871 0.973068 0.858500 0.000000 0.000000 0.000000 1.000000
0.971135 -0.122946 0.204404 0.000000 0.102072 0.988705 0.109740 4.026600 -0.215588 -0.085708 0.972716 0.858500 0.000000 0.000000 0.000000 1.000000
0.971430 -0.124335 0.202149 0.000000 0.105626 0.989275 0.100883 4.026600 -0.212524 -0.076649 0.974145 0.858500 0.000000 0.000000 0.000000 1.000000
0.972810 -0.129481 0.192028 0.000000 0.111731 0.988634 0.100592 4.026600 -0.202871 -0.076401 0.976220 0.858500 0.000000 0.000000 0.000000 1.000000
0.972202 -0.142252 0.185976 0.000000 0.121514 0.985483 0.118565 4.026600 -0.200142 -0.092670 0.975374 0.858500 0.000000 0.000000 0.000000 1.000000
0.964192 -0.169487 0.203979 0.000000 0.140716 0.978894 0.148210 4.026600 -0.224794 -0.114200 0.967691 0.858500 0.000000 0.000000 0.000000 1.000000
0.956437 -0.185675 0.225283 0.000000 0.155376 0.977062 0.145632 4.026600 -0.247156 -0.104284 0.963348 0.858500 0.000000 0.000000 0.000000 1.000000
0.956985 -0.183689 0.224585 0.000000 0.156523 0.978617 0.133451 4.026600 -0.244296 -0.092558 0.965273 0.858500 0.000000 0.000000 0.000000 1.000000</float_array><technique_common><accessor source="#soldier_Head-Matrix-animation-output-transform-array" count="23" stride="16"><param type="float4x4"/></accessor></technique_common></source><source id="soldier_Head-Interpolations"><Name_array id="soldier_Head-Interpolations-array" count="23">
 LINEAR LINEAR LINEAR LINEAR LINEAR LINEAR LINEAR LINEAR LINEAR LINEAR LINEAR
LINEAR LINEAR LINEAR LINEAR LINEAR LINEAR LINEAR LINEAR LINEAR LINEAR LINEAR LINEAR</Name_array><technique_common><accessor source="#soldier_Head-Interpolations-array" count="23"><param type="name"/></accessor></technique_common></source><sampler id="soldier_Head-Matrix-animation-transform"><input semantic="INPUT" source="#soldier_Head-Matrix-animation-input"/><input semantic="OUTPUT" source="#soldier_Head-Matrix-animation-output-transform"/><input semantic="INTERPOLATION" source="#soldier_Head-Interpolations"/></sampler><channel source="#soldier_Head-Matrix-animation-transform" target="soldier_Head/matrix"/></animation>
    <animation id="soldier_HeadTop_End-anim" name="soldier_HeadTop_End"><source id="soldier_HeadTop_End-Matrix-animation-input"><float_array id="soldier_HeadTop_End-Matrix-animation-input-array" count="23">

0.000000 0.033333 0.066667 0.100000 0.133333 0.166667 0.200000 0.233333 0.266667 0.300000 0.333333 0.366667 0.400000 0.433333 0.466667 0.500000
0.533333 0.566667 0.600000 0.633333 0.666667 0.700000 0.733333</float_array><technique_common><accessor source="#soldier_HeadTop_End-Matrix-animation-input-array" count="23"><param name="TIME" type="float"/></accessor></technique_common></source><source id="soldier_HeadTop_End-Matrix-animation-output-transform"><float_array id="soldier_HeadTop_End-Matrix-animation-output-transform-array" count="368">

1.000000 0.000000 0.000000 0.000000 0.000000 1.000000 0.000000 17.886600 0.000000 -0.000000 1.000000 0.123100 0.000000 0.000000 0.000000 1.000000
1.000000 0.000000 -0.000000 0.000000 -0.000000 1.000000 0.000000 17.886600 0.000000 0.000000 1.000000 0.123100 0.000000 0.000000 0.000000 1.000000
1.000000 -0.000000 0.000000 -0.000000 -0.000000 1.000000 0.000000 17.886600 0.000000 0.000000 1.000000 0.123100 0.000000 0.000000 0.000000 1.000000
1.000000 -0.000000 0.000000 0.000000 0.000000 1.000000 -0.000000 17.886600 0.000000 0.000000 1.000000 0.123100 0.000000 0.000000 0.000000 1.000000
1.000000 -0.000000 -0.000000 0.000000 -0.000000 1.000000 -0.000000 17.886600 0.000000 0.000000 1.000000 0.123100 0.000000 0.000000 0.000000 1.000000
1.000000 0.000000 -0.000000 0.000000 -0.000000 1.000000 -0.000000 17.886600 0.000000 -0.000000 1.000000 0.123100 0.000000 0.000000 0.000000 1.000000
1.000000 0.000000 0.000000 -0.000000 -0.000000 1.000000 0.000000 17.886600 0.000000 0.000000 1.000000 0.123100 0.000000 0.000000 0.000000 1.000000
1.000000 0.000000 0.000000 0.000000 0.000000 1.000000 0.000000 17.886600 0.000000 0.000000 1.000000 0.123100 0.000000 0.000000 0.000000 1.000000
1.000000 -0.000000 0.000000 0.000000 -0.000000 1.000000 0.000000 17.886600 0.000000 -0.000000 1.000000 0.123100 0.000000 0.000000 0.000000 1.000000
1.000000 -0.000000 -0.000000 0.000000 0.000000 1.000000 -0.000000 17.886600 0.000000 0.000000 1.000000 0.123100 0.000000 0.000000 0.000000 1.000000
1.000000 0.000000 0.000000 0.000000 0.000000 1.000000 0.000000 17.886600 -0.000000 0.000000 1.000000 0.123100 0.000000 0.000000 0.000000 1.000000
1.000000 0.000000 0.000000 0.000000 -0.000000 1.000000 0.000000 17.886600 0.000000 -0.000000 1.000000 0.123100 0.000000 0.000000 0.000000 1.000000
1.000000 0.000000 0.000000 0.000000 -0.000000 1.000000 0.000000 17.886600 -0.000000 0.000000 1.000000 0.123100 0.000000 0.000000 0.000000 1.000000
1.000000 0.000000 0.000000 0.000000 -0.000000 1.000000 -0.000000 17.886600 0.000000 0.000000 1.000000 0.123100 0.000000 0.000000 0.000000 1.000000
1.000000 -0.000000 0.000000 0.000000 0.000000 1.000000 -0.000000 17.886600 0.000000 0.000000 1.000000 0.123100 0.000000 0.000000 0.000000 1.000000
1.000000 -0.000000 0.000000 0.000000 0.000000 1.000000 0.000000 17.886600 -0.000000 0.000000 1.000000 0.123100 0.000000 0.000000 0.000000 1.000000
1.000000 0.000000 0.000000 0.000000 -0.000000 1.000000 -0.000000 17.886600 -0.000000 -0.000000 1.000000 0.123100 0.000000 0.000000 0.000000 1.000000
1.000000 -0.000000 0.000000 0.000000 -0.000000 1.000000 0.000000 17.886600 -0.000000 0.000000 1.000000 0.123100 0.000000 0.000000 0.000000 1.000000
1.000000 0.000000 0.000000 0.000000 -0.000000 1.000000 0.000000 17.886600 -0.000000 -0.000000 1.000000 0.123100 0.000000 0.000000 0.000000 1.000000
