<?xml version="1.0" encoding="utf-8"?>
<COLLADA xmlns="http://www.collada.org/2005/11/COLLADASchema" version="1.4.1">
  <asset><contributor><author>Mixamo</author><authoring_tool>COLLADA Mixamo exporter</authoring_tool><comments></comments></contributor><created>2019-05-01T06:15:15Z</created><modified>2019-05-01T06:15:15Z</modified><revision></revision><title></title><unit meter="0.010000"/><up_axis>Y_UP</up_axis></asset>
  <library_animations>
    <animation id="soldier_Hips-anim" name="soldier_Hips"><source id="soldier_Hips-Matrix-animation-input"><float_array id="soldier_Hips-Matrix-animation-input-array" count="42">

0.000000 0.033333 0.066667 0.100000 0.133333 0.166667 0.200000 0.233333 0.266667 0.300000 0.333333 0.366667 0.400000 0.433333 0.466667 0.500000
0.533333 0.566667 0.600000 0.633333 0.666667 0.700000 0.733333 0.766667 0.800000 0.833333 0.866667 0.900000 0.933333 0.966667 1.000000 1.033333
1.066667 1.100000 1.133333 1.166667 1.200000 1.233333 1.266667 1.300000 1.333333 1.366667</float_array><technique_common><accessor source="#soldier_Hips-Matrix-animation-input-array" count="42"><param name="TIME" type="float"/></accessor></technique_common></source><source id="soldier_Hips-Matrix-animation-output-transform"><float_array id="soldier_Hips-Matrix-animation-output-transform-array" count="672">

2.140381 0.086157 -1.364898 -0.007679 0.171940 2.497889 0.427305 226.425674 1.356763 -0.452471 2.099063 0.004696 0.000000 0.000000 0.000000 1.000000
2.134811 0.081000 -1.373907 -1.286574 0.189973 2.493983 0.442220 227.534653 1.363119 -0.474433 2.090077 -0.012056 0.000000 0.000000 0.000000 1.000000
2.129973 0.077781 -1.381581 -2.148605 0.203725 2.490723 0.454306 228.626892 1.368690 -0.491780 2.082412 -0.022357 0.000000 0.000000 0.000000 1.000000
2.125723 0.078254 -1.388085 -2.889464 0.211110 2.488398 0.463581 229.732407 1.374167 -0.503340 2.076033 -0.025575 0.000000 0.000000 0.000000 1.000000
2.118416 0.080254 -1.399098 -3.352987 0.216491 2.486649 0.470433 230.801712 1.384575 -0.511600 2.067080 -0.023525 0.000000 0.000000 0.000000 1.000000
2.104268 0.089719 -1.419720 -3.594626 0.218438 2.484501 0.480769 231.776978 1.405682 -0.520389 2.050574 -0.018543 0.000000 0.000000 0.000000 1.000000
2.084620 0.111267 -1.446920 -3.680313 0.212393 2.481859 0.496853 232.593262 1.435565 -0.528766 2.027599 -0.009205 0.000000 0.000000 0.000000 1.000000
2.065244 0.130653 -1.472853 -3.502381 0.209611 2.478645 0.513792 233.199860 1.463704 -0.539304 2.004575 -0.001106 0.000000 0.000000 0.000000 1.000000
2.047928 0.136589 -1.496307 -2.943511 0.219003 2.475334 0.525699 233.552307 1.486482 -0.552870 1.984013 0.003740 0.000000 0.000000 0.000000 1.000000
2.029738 0.139334 -1.520641 -1.824865 0.229229 2.472939 0.532564 233.720551 1.509708 -0.562811 1.963575 0.007211 0.000000 0.000000 0.000000 1.000000
2.005666 0.141481 -1.552059 -0.548537 0.235087 2.473104 0.529234 233.611588 1.540662 -0.561550 1.939748 0.010279 0.000000 0.000000 0.000000 1.000000
1.976612 0.135491 -1.589417 0.760144 0.245240 2.474923 0.515959 232.905655 1.576217 -0.554976 1.912888 0.013936 0.000000 0.000000 0.000000 1.000000
1.953660 0.130658 -1.617943 1.969323 0.260727 2.473626 0.514585 231.492889 1.602134 -0.561876 1.889196 0.018966 0.000000 0.000000 0.000000 1.000000
1.942702 0.134326 -1.630787 3.229955 0.276515 2.468071 0.532695 229.778870 1.612777 -0.584962 1.873064 0.020944 0.000000 0.000000 0.000000 1.000000
1.944616 0.122974 -1.629401 4.427530 0.299774 2.462962 0.543651 227.996704 1.606302 -0.608521 1.871122 0.024856 0.000000 0.000000 0.000000 1.000000
1.961602 0.100678 -1.610459 5.563004 0.324140 2.458791 0.548527 226.417587 1.580712 -0.629136 1.886038 0.034913 0.000000 0.000000 0.000000 1.000000
1.984351 0.073831 -1.583824 6.671032 0.348568 2.454859 0.551152 225.411713 1.546755 -0.647933 1.907703 0.048791 0.000000 0.000000 0.000000 1.000000
2.010547 0.044504 -1.551554 7.709786 0.371601 2.451322 0.551844 225.105438 1.507054 -0.663806 1.933843 0.063590 0.000000 0.000000 0.000000 1.000000
2.037975 0.014572 -1.515931 8.645097 0.392187 2.448353 0.550780 225.119385 1.464393 -0.675986 1.962192 0.070025 0.000000 0.000000 0.000000 1.000000
2.064815 -0.013952 -1.479171 9.435476 0.409142 2.446188 0.548059 225.675812 1.421529 -0.683792 1.990800 0.070866 0.000000 0.000000 0.000000 1.000000
2.091667 -0.038327 -1.440507 10.051356 0.417212 2.446459 0.540715 226.663437 1.379298 -0.681887 2.020932 0.063516 0.000000 0.000000 0.000000 1.000000
2.118345 -0.053864 -1.400468 10.470828 0.417923 2.446928 0.538038 227.929581 1.337742 -0.679149 2.049586 0.046996 0.000000 0.000000 0.000000 1.000000
2.145921 -0.064856 -1.357357 10.667009 0.413261 2.448084 0.536375 229.334778 1.294542 -0.674000 2.078818 0.026225 0.000000 0.000000 0.000000 1.000000
2.169007 -0.079338 -1.319361 10.657466 0.407376 2.452118 0.522264 230.756271 1.257400 -0.657587 2.106686 0.007725 0.000000 0.000000 0.000000 1.000000
2.182447 -0.093452 -1.296067 10.503403 0.401122 2.458148 0.498206 232.055237 1.235971 -0.632751 2.126876 -0.005745 0.000000 0.000000 0.000000 1.000000
2.186208 -0.103253 -1.288967 10.265011 0.392678 2.465336 0.468532 232.865326 1.232031 -0.602542 2.137906 -0.012617 0.000000 0.000000 0.000000 1.000000
2.184000 -0.116507 -1.291577 9.962749 0.385982 2.473479 0.429558 233.418854 1.238048 -0.565622 2.144506 -0.014649 0.000000 0.000000 0.000000 1.000000
2.183418 -0.138786 -1.290358 9.332712 0.382657 2.482008 0.380540 233.723618 1.240104 -0.521513 2.154476 -0.010616 0.000000 0.000000 0.000000 1.000000
2.189744 -0.166444 -1.276290 8.594235 0.378346 2.490636 0.324322 233.838577 1.230234 -0.469709 2.171980 -0.003575 0.000000 0.000000 0.000000 1.000000
2.202761 -0.181734 -1.251566 7.830896 0.362279 2.498973 0.274749 233.591660 1.211692 -0.416780 2.193102 -0.001701 0.000000 0.000000 0.000000 1.000000
2.226240 -0.171207 -1.210844 7.058323 0.326030 2.507051 0.244950 232.706650 1.178626 -0.370114 2.219337 -0.002430 0.000000 0.000000 0.000000 1.000000
2.263363 -0.141509 -1.144011 6.246804 0.269917 2.515769 0.222826 231.448578 1.120684 -0.320127 2.256809 0.003285 0.000000 0.000000 0.000000 1.000000
2.294892 -0.098813 -1.084115 5.435797 0.204669 2.523570 0.203236 229.994446 1.069196 -0.270980 2.288010 0.011976 0.000000 0.000000 0.000000 1.000000
2.293157 -0.059320 -1.090647 4.682178 0.159702 2.527204 0.198330 228.468796 1.080521 -0.247630 2.285334 0.018778 0.000000 0.000000 0.000000 1.000000
2.263627 -0.033722 -1.151719 3.942858 0.146669 2.526691 0.214286 227.022934 1.142840 -0.257475 2.253713 0.021959 0.000000 0.000000 0.000000 1.000000
2.234190 0.003062 -1.208299 3.147559 0.130792 2.524455 0.248236 225.811081 1.201203 -0.280568 2.220359 0.020367 0.000000 0.000000 0.000000 1.000000
2.211980 0.058034 -1.247147 2.454259 0.098225 2.521301 0.291539 225.134048 1.244626 -0.302118 2.193452 0.016877 0.000000 0.000000 0.000000 1.000000
2.190758 0.093055 -1.281999 1.943053 0.084434 2.517445 0.327016 224.794540 1.282595 -0.324669 2.168211 0.020738 0.000000 0.000000 0.000000 1.000000
2.173724 0.090761 -1.310834 1.468562 0.106812 2.513342 0.351144 224.819427 1.309624 -0.355632 2.147094 0.024864 0.000000 0.000000 0.000000 1.000000
2.161775 0.082072 -1.331012 0.991744 0.137144 2.508060 0.377394 225.162750 1.326469 -0.393064 2.130160 0.024872 0.000000 0.000000 0.000000 1.000000
2.150746 0.082127 -1.348757 0.585886 0.158424 2.502493 0.405004 225.733780 1.341936 -0.427061 2.113865 0.017459 0.000000 0.000000 0.000000 1.000000
2.140381 0.086157 -1.364898 -0.007676 0.171939 2.497889 0.427305 226.425674 1.356763 -0.452470 2.099063 0.004697 0.000000 0.000000 0.000000 1.000000</float_array><technique_common><accessor source="#soldier_Hips-Matrix-animation-output-transform-array" count="42" stride="16"><param type="float4x4"/></accessor></technique_common></source><source id="soldier_Hips-Interpolations"><Name_array id="soldier_Hips-Interpolations-array" count="42">
 LINEAR LINEAR LINEAR LINEAR LINEAR LINEAR LINEAR LINEAR LINEAR LINEAR LINEAR
LINEAR LINEAR LINEAR LINEAR LINEAR LINEAR LINEAR LINEAR LINEAR LINEAR LINEAR LINEAR
LINEAR LINEAR LINEAR LINEAR LINEAR LINEAR LINEAR LINEAR LINEAR LINEAR LINEAR LINEAR
LINEAR LINEAR LINEAR LINEAR LINEAR LINEAR LINEAR</Name_array><technique_common><accessor source="#soldier_Hips-Interpolations-array" count="42"><param type="name"/></accessor></technique_common></source><sampler id="soldier_Hips-Matrix-animation-transform"><input semantic="INPUT" source="#soldier_Hips-Matrix-animation-input"/><input semantic="OUTPUT" source="#soldier_Hips-Matrix-animation-output-transform"/><input semantic="INTERPOLATION" source="#soldier_Hips-Interpolations"/></sampler><channel source="#soldier_Hips-Matrix-animation-transform" target="soldier_Hips/matrix"/></animation>
    <animation id="soldier_Spine-anim" name="soldier_Spine"><source id="soldier_Spine-Matrix-animation-input"><float_array id="soldier_Spine-Matrix-animation-input-array" count="42">

0.000000 0.033333 0.066667 0.100000 0.133333 0.166667 0.200000 0.233333 0.266667 0.300000 0.333333 0.366667 0.400000 0.433333 0.466667 0.500000
0.533333 0.566667 0.600000 0.633333 0.666667 0.700000 0.733333 0.766667 0.800000 0.833333 0.866667 0.900000 0.933333 0.966667 1.000000 1.033333
1.066667 1.100000 1.133333 1.166667 1.200000 1.233333 1.266667 1.300000 1.333333 1.366667</float_array><technique_common><accessor source="#soldier_Spine-Matrix-animation-input-array" count="42"><param name="TIME" type="float"/></accessor></technique_common></source><source id="soldier_Spine-Matrix-animation-output-transform"><float_array id="soldier_Spine-Matrix-animation-output-transform-array" count="672">

0.992674 -0.090485 -0.080062 0.000000 0.069548 0.969806 -0.233749 9.226300 0.098795 0.226469 0.968995 1.577100 0.000000 0.000000 0.000000 1.000000
0.993821 -0.077806 -0.079160 0.000000 0.057157 0.970091 -0.235915 9.226300 0.095148 0.229933 0.968544 1.577100 0.000000 0.000000 0.000000 1.000000
0.994459 -0.068449 -0.079782 0.000000 0.047736 0.970239 -0.237397 9.226300 0.093657 0.232273 0.968131 1.577100 0.000000 0.000000 0.000000 1.000000
0.994876 -0.061273 -0.080416 -0.000000 0.040648 0.970717 -0.236762 9.226300 0.092569 0.232280 0.968234 1.577100 0.000000 0.000000 0.000000 1.000000
0.995311 -0.054821 -0.079694 0.000000 0.034706 0.971427 -0.234788 9.226300 0.090288 0.230921 0.968774 1.577100 0.000000 0.000000 0.000000 1.000000
0.995969 -0.048517 -0.075450 0.000000 0.029611 0.971781 -0.234020 9.226300 0.084675 0.230842 0.969300 1.577100 0.000000 0.000000 0.000000 1.000000
0.996795 -0.044235 -0.066662 0.000000 0.027318 0.971353 -0.236067 9.226300 0.075195 0.233489 0.969448 1.577100 0.000000 0.000000 0.000000 1.000000
0.997591 -0.038953 -0.057401 -0.000000 0.024104 0.970545 -0.239713 9.226300 0.065048 0.237752 0.969145 1.577100 0.000000 0.000000 0.000000 1.000000
0.998241 -0.031275 -0.050365 0.000000 0.018138 0.969907 -0.242797 9.226300 0.056443 0.241457 0.968769 1.577100 0.000000 0.000000 0.000000 1.000000
0.998757 -0.026758 -0.042058 0.000000 0.015615 0.969192 -0.245813 9.226300 0.047340 0.244850 0.968404 1.577100 0.000000 0.000000 0.000000 1.000000
0.999254 -0.024382 -0.029958 -0.000000 0.016284 0.969222 -0.245650 9.226300 0.035025 0.244979 0.968896 1.577100 0.000000 0.000000 0.000000 1.000000
0.999603 -0.020699 -0.019109 0.000000 0.015447 0.969984 -0.242679 9.226300 0.023558 0.242287 0.969918 1.577100 0.000000 0.000000 0.000000 1.000000
0.999743 -0.017185 -0.014767 0.000000 0.013041 0.969378 -0.245226 9.226300 0.018529 0.244970 0.969353 1.577100 0.000000 0.000000 0.000000 1.000000
0.999798 -0.014619 -0.013816 0.000000 0.010599 0.966661 -0.255840 9.226300 0.017095 0.255641 0.966621 1.577100 0.000000 0.000000 0.000000 1.000000
0.999793 -0.009446 -0.018007 0.000000 0.004383 0.964842 -0.262794 9.226300 0.019857 0.262661 0.964684 1.577100 0.000000 0.000000 0.000000 1.000000
0.999553 -0.004161 -0.029607 0.000000 -0.003893 0.963727 -0.266861 9.226300 0.029643 0.266857 0.963280 1.577100 0.000000 0.000000 0.000000 1.000000
0.999019 0.001034 -0.044279 0.000000 -0.012944 0.962899 -0.269552 9.226300 0.042358 0.269861 0.961967 1.577100 0.000000 0.000000 0.000000 1.000000
0.998141 0.005501 -0.060701 -0.000000 -0.021779 0.962354 -0.270924 9.226300 0.056925 0.271742 0.960685 1.577100 0.000000 0.000000 0.000000 1.000000
0.996952 0.008757 -0.077530 0.000000 -0.029534 0.962096 -0.271109 9.226300 0.072217 0.272572 0.959421 1.577100 0.000000 0.000000 0.000000 1.000000
0.995565 0.010257 -0.093519 0.000000 -0.035305 0.962123 -0.270320 9.226300 0.087204 0.272423 0.958218 1.577100 0.000000 0.000000 0.000000 1.000000
0.994180 0.007424 -0.107476 0.000000 -0.036123 0.962843 -0.267636 9.226300 0.101495 0.269961 0.957507 1.577100 0.000000 0.000000 0.000000 1.000000
0.992840 0.001984 -0.119436 0.000000 -0.034049 0.963083 -0.267043 9.226300 0.114497 0.269197 0.956255 1.577100 0.000000 0.000000 0.000000 1.000000
0.991357 -0.005246 -0.131086 0.000000 -0.030074 0.963503 -0.266003 9.226300 0.127698 0.267646 0.955018 1.577100 0.000000 0.000000 0.000000 1.000000
0.990056 -0.012511 -0.140115 -0.000000 -0.024453 0.965567 -0.259003 9.226300 0.138531 0.259853 0.955660 1.577100 0.000000 0.000000 0.000000 1.000000
0.989391 -0.019135 -0.144010 0.000000 -0.017400 0.968543 -0.248237 9.226300 0.144230 0.248109 0.957935 1.577100 0.000000 0.000000 0.000000 1.000000
0.989254 -0.025821 -0.143911 0.000000 -0.009134 0.971444 -0.237093 9.226300 0.145923 0.235860 0.960769 1.577100 0.000000 0.000000 0.000000 1.000000
0.989175 -0.030803 -0.143473 0.000000 -0.001921 0.974918 -0.222555 9.226300 0.146730 0.220421 0.964305 1.577100 0.000000 0.000000 0.000000 1.000000
0.988665 -0.032206 -0.146644 0.000000 0.002408 0.979999 -0.198990 9.226300 0.150120 0.196381 0.968968 1.577100 0.000000 0.000000 0.000000 1.000000
0.988009 -0.032193 -0.151004 0.000000 0.006088 0.985383 -0.170244 9.226300 0.154278 0.167283 0.973763 1.577100 0.000000 0.000000 0.000000 1.000000
0.987348 -0.034521 -0.154768 0.000000 0.011523 0.989055 -0.147098 9.226300 0.158152 0.143454 0.976939 1.577100 0.000000 0.000000 0.000000 1.000000
0.985391 -0.044914 -0.164280 0.000000 0.022756 0.990672 -0.134352 9.226300 0.168782 0.128651 0.977221 1.577100 0.000000 0.000000 0.000000 1.000000
0.981288 -0.064450 -0.181438 0.000000 0.042084 0.991324 -0.124526 9.226300 0.187889 0.114560 0.975486 1.577100 0.000000 0.000000 0.000000 1.000000
0.976904 -0.088022 -0.194706 -0.000000 0.066163 0.991036 -0.116062 9.226300 0.203177 0.100499 0.973971 1.577100 0.000000 0.000000 0.000000 1.000000
0.976264 -0.103745 -0.190119 0.000000 0.082604 0.989814 -0.115956 9.226300 0.200212 0.097499 0.974889 1.577100 0.000000 0.000000 0.000000 1.000000
0.979155 -0.106853 -0.172739 -0.000000 0.085630 0.988331 -0.125975 9.226300 0.184184 0.108557 0.976879 1.577100 0.000000 0.000000 0.000000 1.000000
0.981630 -0.111386 -0.154908 0.000000 0.089233 0.985652 -0.143273 9.226300 0.168644 0.126818 0.977485 1.577100 0.000000 0.000000 0.000000 1.000000
0.982703 -0.123770 -0.137754 -0.000000 0.100515 0.981230 -0.164574 9.226300 0.155538 0.147881 0.976698 1.577100 0.000000 0.000000 0.000000 1.000000
0.984333 -0.128444 -0.120789 -0.000000 0.105102 0.977490 -0.182939 9.226300 0.141567 0.167378 0.975676 1.577100 0.000000 0.000000 0.000000 1.000000
0.986884 -0.119485 -0.108555 0.000000 0.096558 0.975794 -0.196222 9.226300 0.129373 0.183167 0.974532 1.577100 0.000000 0.000000 0.000000 1.000000
0.989355 -0.107205 -0.098401 0.000000 0.084724 0.974140 -0.209459 9.226300 0.118311 0.198892 0.972854 1.577100 0.000000 0.000000 0.000000 1.000000
0.991269 -0.097492 -0.088777 0.000000 0.075611 0.971875 -0.223029 9.226300 0.108023 0.214370 0.970761 1.577100 0.000000 0.000000 0.000000 1.000000
0.992674 -0.090485 -0.080062 0.000000 0.069548 0.969806 -0.233749 9.226300 0.098795 0.226469 0.968995 1.577100 0.000000 0.000000 0.000000 1.000000</float_array><technique_common><accessor source="#soldier_Spine-Matrix-animation-output-transform-array" count="42" stride="16"><param type="float4x4"/></accessor></technique_common></source><source id="soldier_Spine-Interpolations"><Name_array id="soldier_Spine-Interpolations-array" count="42">
 LINEAR LINEAR LINEAR LINEAR LINEAR LINEAR LINEAR LINEAR LINEAR LINEAR LINEAR
LINEAR LINEAR LINEAR LINEAR LINEAR LINEAR LINEAR LINEAR LINEAR LINEAR LINEAR LINEAR
LINEAR LINEAR LINEAR LINEAR LINEAR LINEAR LINEAR LINEAR LINEAR LINEAR LINEAR LINEAR
LINEAR LINEAR LINEAR LINEAR LINEAR LINEAR LINEAR</Name_array><technique_common><accessor source="#soldier_Spine-Interpolations-array" count="42"><param type="name"/></accessor></technique_common></source><sampler id="soldier_Spine-Matrix-animation-transform"><input semantic="INPUT" source="#soldier_Spine-Matrix-animation-input"/><input semantic="OUTPUT" source="#soldier_Spine-Matrix-animation-output-transform"/><input semantic="INTERPOLATION" source="#soldier_Spine-Interpolations"/></sampler><channel source="#soldier_Spine-Matrix-animation-transform" target="soldier_Spine/matrix"/></animation>
    <animation id="soldier_Spine1-anim" name="soldier_Spine1"><source id="soldier_Spine1-Matrix-animation-input"><float_array id="soldier_Spine1-Matrix-animation-input-array" count="42">

0.000000 0.033333 0.066667 0.100000 0.133333 0.166667 0.200000 0.233333 0.266667 0.300000 0.333333 0.366667 0.400000 0.433333 0.466667 0.500000
0.533333 0.566667 0.600000 0.633333 0.666667 0.700000 0.733333 0.766667 0.800000 0.833333 0.866667 0.900000 0.933333 0.966667 1.000000 1.033333
1.066667 1.100000 1.133333 1.166667 1.200000 1.233333 1.266667 1.300000 1.333333 1.366667</float_array><technique_common><accessor source="#soldier_Spine1-Matrix-animation-input-array" count="42"><param name="TIME" type="float"/></accessor></technique_common></source><source id="soldier_Spine1-Matrix-animation-output-transform"><float_array id="soldier_Spine1-Matrix-animation-output-transform-array" count="672">

0.999060 -0.014423 -0.040870 0.000000 0.012981 0.999292 -0.035327 16.254000 0.041350 0.034763 0.998540 -0.165600 0.000000 0.000000 0.000000 1.000000
0.999062 -0.010070 -0.042121 -0.000000 0.008580 0.999336 -0.035398 16.254000 0.042449 0.035004 0.998485 -0.165600 0.000000 0.000000 0.000000 1.000000
0.999112 -0.006214 -0.041684 -0.000000 0.004709 0.999337 -0.036103 16.254000 0.041880 0.035875 0.998478 -0.165600 0.000000 0.000000 0.000000 1.000000
0.999141 -0.002619 -0.041365 0.000000 0.001095 0.999322 -0.036807 16.254000 0.041433 0.036730 0.998466 -0.165600 0.000000 0.000000 0.000000 1.000000
0.999172 0.001005 -0.040669 -0.000000 -0.002532 0.999292 -0.037530 16.254000 0.040603 0.037602 0.998468 -0.165600 0.000000 0.000000 0.000000 1.000000
0.999225 0.003981 -0.039159 0.000000 -0.005499 0.999234 -0.038747 16.254000 0.038975 0.038932 0.998481 -0.165600 0.000000 0.000000 0.000000 1.000000
0.999278 0.005146 -0.037642 0.000000 -0.006653 0.999177 -0.040016 16.254000 0.037405 0.040238 0.998490 -0.165600 0.000000 0.000000 0.000000 1.000000
0.999318 0.005022 -0.036578 0.000000 -0.006517 0.999144 -0.040855 16.254000 0.036342 0.041066 0.998495 -0.165600 0.000000 0.000000 0.000000 1.000000
0.999350 0.005339 -0.035655 0.000000 -0.006837 0.999093 -0.042030 16.254000 0.035398 0.042246 0.998480 -0.165600 0.000000 0.000000 0.000000 1.000000
0.999368 0.005273 -0.035156 0.000000 -0.006822 0.999005 -0.044078 16.254000 0.034889 0.044290 0.998409 -0.165600 0.000000 0.000000 0.000000 1.000000
0.999391 0.003989 -0.034678 0.000000 -0.005550 0.998970 -0.045041 16.254000 0.034462 0.045206 0.998383 -0.165600 0.000000 0.000000 0.000000 1.000000
0.999460 0.003119 -0.032704 -0.000000 -0.004575 0.998997 -0.044534 16.254000 0.032533 0.044660 0.998472 -0.165600 0.000000 0.000000 0.000000 1.000000
0.999526 0.005319 -0.030339 0.000000 -0.006682 0.998964 -0.045021 16.254000 0.030068 0.045203 0.998525 -0.165600 0.000000 0.000000 0.000000 1.000000
0.999506 0.008345 -0.030304 -0.000000 -0.009773 0.998833 -0.047293 16.254000 0.029874 0.047566 0.998421 -0.165600 0.000000 0.000000 0.000000 1.000000
0.999428 0.011490 -0.031801 0.000000 -0.013056 0.998690 -0.049485 16.254000 0.031191 0.049872 0.998268 -0.165600 0.000000 0.000000 0.000000 1.000000
0.999333 0.013460 -0.033941 0.000000 -0.015187 0.998575 -0.051165 16.254000 0.033204 0.051647 0.998113 -0.165600 0.000000 0.000000 0.000000 1.000000
0.999228 0.014936 -0.036350 0.000000 -0.016839 0.998472 -0.052627 16.254000 0.035508 0.053198 0.997952 -0.165600 0.000000 0.000000 0.000000 1.000000
0.999113 0.015986 -0.038948 0.000000 -0.018075 0.998382 -0.053906 16.254000 0.038023 0.054562 0.997786 -0.165600 0.000000 0.000000 0.000000 1.000000
0.998993 0.016676 -0.041656 0.000000 -0.018959 0.998304 -0.055041 16.254000 0.040667 0.055775 0.997615 -0.165600 0.000000 0.000000 0.000000 1.000000
0.998868 0.017073 -0.044395 -0.000000 -0.019554 0.998235 -0.056069 16.254000 0.043360 0.056874 0.997439 -0.165600 0.000000 0.000000 0.000000 1.000000
0.998744 0.016777 -0.047204 0.000000 -0.019455 0.998193 -0.056855 16.254000 0.046165 0.057702 0.997266 -0.165600 0.000000 0.000000 0.000000 1.000000
0.998624 0.015462 -0.050103 0.000000 -0.018354 0.998160 -0.057797 16.254000 0.049117 0.058637 0.997070 -0.165600 0.000000 0.000000 0.000000 1.000000
0.998472 0.014216 -0.053391 0.000000 -0.017347 0.998127 -0.058661 16.254000 0.052457 0.059498 0.996849 -0.165600 0.000000 0.000000 0.000000 1.000000
0.998296 0.013428 -0.056779 0.000000 -0.016766 0.998133 -0.058733 16.254000 0.055884 0.059585 0.996658 -0.165600 0.000000 0.000000 0.000000 1.000000
0.998156 0.012842 -0.059330 -0.000000 -0.016295 0.998179 -0.058080 16.254000 0.058476 0.058939 0.996547 -0.165600 0.000000 0.000000 0.000000 1.000000
0.998109 0.012443 -0.060199 0.000000 -0.015818 0.998309 -0.055933 16.254000 0.059401 0.056780 0.996618 -0.165600 0.000000 0.000000 0.000000 1.000000
0.998175 0.011799 -0.059219 -0.000000 -0.014932 0.998496 -0.052750 16.254000 0.058508 0.053538 0.996850 -0.165600 0.000000 0.000000 0.000000 1.000000
0.998249 0.012696 -0.057775 0.000000 -0.015640 0.998586 -0.050805 16.254000 0.057048 0.051620 0.997036 -0.165600 0.000000 0.000000 0.000000 1.000000
0.998224 0.012121 -0.058320 0.000000 -0.014955 0.998716 -0.048397 16.254000 0.057658 0.049184 0.997124 -0.165600 0.000000 0.000000 0.000000 1.000000
0.998136 0.007605 -0.060549 0.000000 -0.010215 0.999027 -0.042910 16.254000 0.060164 0.043448 0.997242 -0.165600 0.000000 0.000000 0.000000 1.000000
0.998027 0.001792 -0.062763 -0.000000 -0.004123 0.999306 -0.037031 16.254000 0.062653 0.037217 0.997341 -0.165600 0.000000 0.000000 0.000000 1.000000
0.997803 -0.004249 -0.066108 0.000000 0.002122 0.999479 -0.032199 16.254000 0.066210 0.031988 0.997293 -0.165600 0.000000 0.000000 0.000000 1.000000
0.997542 -0.009895 -0.069374 0.000000 0.007821 0.999516 -0.030106 16.254000 0.069638 0.029489 0.997136 -0.165600 0.000000 0.000000 0.000000 1.000000
0.997617 -0.011995 -0.067946 0.000000 0.009965 0.999496 -0.030141 16.254000 0.068273 0.029392 0.997234 -0.165600 0.000000 0.000000 0.000000 1.000000
0.998029 -0.009956 -0.061956 0.000000 0.008080 0.999503 -0.030457 16.254000 0.062228 0.029897 0.997614 -0.165600 0.000000 0.000000 0.000000 1.000000
0.998376 -0.007807 -0.056433 0.000000 0.006028 0.999482 -0.031625 16.254000 0.056650 0.031234 0.997905 -0.165600 0.000000 0.000000 0.000000 1.000000
0.998569 -0.008597 -0.052782 -0.000000 0.006816 0.999404 -0.033837 16.254000 0.053042 0.033429 0.998033 -0.165600 0.000000 0.000000 0.000000 1.000000
0.998701 -0.011095 -0.049729 0.000000 0.009368 0.999350 -0.034821 16.254000 0.050083 0.034310 0.998156 -0.165600 0.000000 0.000000 0.000000 1.000000
0.998861 -0.010958 -0.046434 0.000000 0.009411 0.999397 -0.033410 16.254000 0.046773 0.032935 0.998362 -0.165600 0.000000 0.000000 0.000000 1.000000
0.998986 -0.010833 -0.043695 0.000000 0.009421 0.999431 -0.032394 16.254000 0.044021 0.031950 0.998520 -0.165600 0.000000 0.000000 0.000000 1.000000
0.999067 -0.013683 -0.040956 -0.000000 0.012363 0.999402 -0.032295 16.254000 0.041373 0.031758 0.998639 -0.165600 0.000000 0.000000 0.000000 1.000000
0.999060 -0.014423 -0.040870 0.000000 0.012981 0.999292 -0.035327 16.254000 0.041350 0.034763 0.998540 -0.165600 0.000000 0.000000 0.000000 1.000000</float_array><technique_common><accessor source="#soldier_Spine1-Matrix-animation-output-transform-array" count="42" stride="16"><param type="float4x4"/></accessor></technique_common></source><source id="soldier_Spine1-Interpolations"><Name_array id="soldier_Spine1-Interpolations-array" count="42">
 LINEAR LINEAR LINEAR LINEAR LINEAR LINEAR LINEAR LINEAR LINEAR LINEAR LINEAR
LINEAR LINEAR LINEAR LINEAR LINEAR LINEAR LINEAR LINEAR LINEAR LINEAR LINEAR LINEAR
LINEAR LINEAR LINEAR LINEAR LINEAR LINEAR LINEAR LINEAR LINEAR LINEAR LINEAR LINEAR
LINEAR LINEAR LINEAR LINEAR LINEAR LINEAR LINEAR</Name_array><technique_common><accessor source="#soldier_Spine1-Interpolations-array" count="42"><param type="name"/></accessor></technique_common></source><sampler id="soldier_Spine1-Matrix-animation-transform"><input semantic="INPUT" source="#soldier_Spine1-Matrix-animation-input"/><input semantic="OUTPUT" source="#soldier_Spine1-Matrix-animation-output-transform"/><input semantic="INTERPOLATION" source="#soldier_Spine1-Interpolations"/></sampler><channel source="#soldier_Spine1-Matrix-animation-transform" target="soldier_Spine1/matrix"/></animation>
    <animation id="soldier_Spine2-anim" name="soldier_Spine2"><source id="soldier_Spine2-Matrix-animation-input"><float_array id="soldier_Spine2-Matrix-animation-input-array" count="42">

0.000000 0.033333 0.066667 0.100000 0.133333 0.166667 0.200000 0.233333 0.266667 0.300000 0.333333 0.366667 0.400000 0.433333 0.466667 0.500000
0.533333 0.566667 0.600000 0.633333 0.666667 0.700000 0.733333 0.766667 0.800000 0.833333 0.866667 0.900000 0.933333 0.966667 1.000000 1.033333
1.066667 1.100000 1.133333 1.166667 1.200000 1.233333 1.266667 1.300000 1.333333 1.366667</float_array><technique_common><accessor source="#soldier_Spine2-Matrix-animation-input-array" count="42"><param name="TIME" type="float"/></accessor></technique_common></source><source id="soldier_Spine2-Matrix-animation-output-transform"><float_array id="soldier_Spine2-Matrix-animation-output-transform-array" count="672">

0.999053 -0.015130 -0.040784 -0.000000 0.013699 0.999289 -0.035139 13.639600 0.041287 0.034547 0.998550 -1.292300 0.000000 0.000000 0.000000 1.000000
0.999051 -0.010838 -0.042178 0.000000 0.009362 0.999342 -0.035041 13.639600 0.042530 0.034613 0.998495 -1.292300 0.000000 0.000000 0.000000 1.000000
0.999097 -0.006952 -0.041922 0.000000 0.005460 0.999350 -0.035623 13.639600 0.042142 0.035362 0.998486 -1.292300 0.000000 0.000000 0.000000 1.000000
0.999122 -0.003302 -0.041760 0.000000 0.001789 0.999342 -0.036219 13.639600 0.041852 0.036112 0.998471 -1.292300 0.000000 0.000000 0.000000 1.000000
0.999153 0.000419 -0.041142 0.000000 -0.001936 0.999320 -0.036827 13.639600 0.041099 0.036876 0.998474 -1.292300 0.000000 0.000000 0.000000 1.000000
0.999203 0.003528 -0.039772 0.000000 -0.005040 0.999266 -0.037968 13.639600 0.039609 0.038138 0.998487 -1.292300 0.000000 0.000000 0.000000 1.000000
0.999254 0.004695 -0.038331 0.000000 -0.006200 0.999211 -0.039232 13.639600 0.038117 0.039440 0.998495 -1.292300 0.000000 0.000000 0.000000 1.000000
0.999295 0.004515 -0.037267 0.000000 -0.006011 0.999177 -0.040115 13.639600 0.037055 0.040311 0.998500 -1.292300 0.000000 0.000000 0.000000 1.000000
0.999328 0.004828 -0.036347 0.000000 -0.006331 0.999126 -0.041328 13.639600 0.036116 0.041530 0.998484 -1.292300 0.000000 0.000000 0.000000 1.000000
0.999345 0.004779 -0.035868 0.000000 -0.006335 0.999038 -0.043384 13.639600 0.035626 0.043583 0.998414 -1.292300 0.000000 0.000000 0.000000 1.000000
0.999368 0.003464 -0.035381 -0.000000 -0.005033 0.999002 -0.044370 13.639600 0.035192 0.044520 0.998388 -1.292300 0.000000 0.000000 0.000000 1.000000
0.999441 0.002577 -0.033336 0.000000 -0.004041 0.999026 -0.043934 13.639600 0.033190 0.044044 0.998478 -1.292300 0.000000 0.000000 0.000000 1.000000
0.999508 0.004805 -0.031000 0.000000 -0.006180 0.998994 -0.044426 13.639600 0.030756 0.044596 0.998532 -1.292300 0.000000 0.000000 0.000000 1.000000
0.999486 0.007821 -0.031092 0.000000 -0.009266 0.998870 -0.046608 13.639600 0.030693 0.046872 0.998429 -1.292300 0.000000 0.000000 0.000000 1.000000
0.999404 0.010976 -0.032726 0.000000 -0.012563 0.998735 -0.048684 13.639600 0.032150 0.049066 0.998278 -1.292300 0.000000 0.000000 0.000000 1.000000
0.999305 0.013007 -0.034922 0.000000 -0.014755 0.998626 -0.050280 13.639600 0.034220 0.050761 0.998124 -1.292300 0.000000 0.000000 0.000000 1.000000
0.999196 0.014565 -0.037354 -0.000000 -0.016486 0.998528 -0.051671 13.639600 0.036546 0.052246 0.997965 -1.292300 0.000000 0.000000 0.000000 1.000000
0.999078 0.015710 -0.039952 0.000000 -0.017815 0.998441 -0.052891 13.639600 0.039059 0.053554 0.997801 -1.292300 0.000000 0.000000 0.000000 1.000000
0.998954 0.016505 -0.042647 -0.000000 -0.018799 0.998365 -0.053975 13.639600 0.041687 0.054720 0.997631 -1.292300 0.000000 0.000000 0.000000 1.000000
0.998825 0.017009 -0.045371 -0.000000 -0.019496 0.998298 -0.054959 13.639600 0.044359 0.055779 0.997457 -1.292300 0.000000 0.000000 0.000000 1.000000
0.998698 0.016824 -0.048159 0.000000 -0.019503 0.998256 -0.055719 13.639600 0.047137 0.056585 0.997284 -1.292300 0.000000 0.000000 0.000000 1.000000
0.998576 0.015570 -0.051020 -0.000000 -0.018461 0.998221 -0.056687 13.639600 0.050047 0.057548 0.997088 -1.292300 0.000000 0.000000 0.000000 1.000000
0.998423 0.014348 -0.054280 -0.000000 -0.017474 0.998189 -0.057567 13.639600 0.053356 0.058425 0.996865 -1.292300 0.000000 0.000000 0.000000 1.000000
0.998247 0.013611 -0.057596 0.000000 -0.016935 0.998195 -0.057625 13.639600 0.056708 0.058500 0.996675 -1.292300 0.000000 0.000000 0.000000 1.000000
0.998107 0.013057 -0.060092 0.000000 -0.016488 0.998240 -0.056956 13.639600 0.059243 0.057840 0.996567 -1.292300 0.000000 0.000000 0.000000 1.000000
0.998064 0.012620 -0.060896 -0.000000 -0.015968 0.998369 -0.054810 13.639600 0.060105 0.055676 0.996638 -1.292300 0.000000 0.000000 0.000000 1.000000
0.998137 0.011960 -0.059825 0.000000 -0.015063 0.998550 -0.051683 13.639600 0.059120 0.052488 0.996870 -1.292300 0.000000 0.000000 0.000000 1.000000
0.998208 0.013055 -0.058402 -0.000000 -0.015969 0.998636 -0.049705 13.639600 0.057674 0.050548 0.997055 -1.292300 0.000000 0.000000 0.000000 1.000000
0.998181 0.012680 -0.058946 0.000000 -0.015481 0.998761 -0.047304 13.639600 0.058273 0.048130 0.997140 -1.292300 0.000000 0.000000 0.000000 1.000000
0.998103 0.008059 -0.061039 -0.000000 -0.010638 0.999059 -0.042047 13.639600 0.060643 0.042616 0.997249 -1.292300 0.000000 0.000000 0.000000 1.000000
0.998005 0.002025 -0.063097 0.000000 -0.004333 0.999326 -0.036450 13.639600 0.062980 0.036651 0.997342 -1.292300 0.000000 0.000000 0.000000 1.000000
0.997789 -0.004188 -0.066326 0.000000 0.002079 0.999491 -0.031831 13.639600 0.066425 0.031623 0.997290 -1.292300 0.000000 0.000000 0.000000 1.000000
0.997530 -0.009835 -0.069545 0.000000 0.007775 0.999525 -0.029820 13.639600 0.069806 0.029206 0.997133 -1.292300 0.000000 0.000000 0.000000 1.000000
0.997605 -0.011847 -0.068147 0.000000 0.009839 0.999510 -0.029731 13.639600 0.068465 0.028990 0.997232 -1.292300 0.000000 0.000000 0.000000 1.000000
0.998015 -0.009800 -0.062207 0.000000 0.007955 0.999523 -0.029848 13.639600 0.062470 0.029294 0.997617 -1.292300 0.000000 0.000000 0.000000 1.000000
0.998360 -0.007696 -0.056722 0.000000 0.005948 0.999505 -0.030906 13.639600 0.056931 0.030518 0.997912 -1.292300 0.000000 0.000000 0.000000 1.000000
0.998554 -0.008562 -0.053068 0.000000 0.006809 0.999428 -0.033136 13.639600 0.053321 0.032727 0.998041 -1.292300 0.000000 0.000000 0.000000 1.000000
0.998689 -0.011212 -0.049941 0.000000 0.009508 0.999369 -0.034230 13.639600 0.050293 0.033710 0.998165 -1.292300 0.000000 0.000000 0.000000 1.000000
0.998814 -0.010180 -0.047622 0.000000 0.008593 0.999405 -0.033404 13.639600 0.047933 0.032955 0.998307 -1.292300 0.000000 0.000000 0.000000 1.000000
0.998876 -0.008124 -0.046698 -0.000000 0.006523 0.999389 -0.034334 13.639600 0.046949 0.033990 0.998319 -1.292300 0.000000 0.000000 0.000000 1.000000
0.998946 -0.008655 -0.045076 -0.000000 0.006908 0.999224 -0.038773 13.639600 0.045377 0.038421 0.998231 -1.292300 0.000000 0.000000 0.000000 1.000000
0.999053 -0.015130 -0.040784 0.000000 0.013699 0.999289 -0.035139 13.639600 0.041287 0.034547 0.998550 -1.292300 0.000000 0.000000 0.000000 1.000000</float_array><technique_common><accessor source="#soldier_Spine2-Matrix-animation-output-transform-array" count="42" stride="16"><param type="float4x4"/></accessor></technique_common></source><source id="soldier_Spine2-Interpolations"><Name_array id="soldier_Spine2-Interpolations-array" count="42">
 LINEAR LINEAR LINEAR LINEAR LINEAR LINEAR LINEAR LINEAR LINEAR LINEAR LINEAR
LINEAR LINEAR LINEAR LINEAR LINEAR LINEAR LINEAR LINEAR LINEAR LINEAR LINEAR LINEAR
LINEAR LINEAR LINEAR LINEAR LINEAR LINEAR LINEAR LINEAR LINEAR LINEAR LINEAR LINEAR
LINEAR LINEAR LINEAR LINEAR LINEAR LINEAR LINEAR</Name_array><technique_common><accessor source="#soldier_Spine2-Interpolations-array" count="42"><param type="name"/></accessor></technique_common></source><sampler id="soldier_Spine2-Matrix-animation-transform"><input semantic="INPUT" source="#soldier_Spine2-Matrix-animation-input"/><input semantic="OUTPUT" source="#soldier_Spine2-Matrix-animation-output-transform"/><input semantic="INTERPOLATION" source="#soldier_Spine2-Interpolations"/></sampler><channel source="#soldier_Spine2-Matrix-animation-transform" target="soldier_Spine2/matrix"/></animation>
    <animation id="soldier_Neck-anim" name="soldier_Neck"><source id="soldier_Neck-Matrix-animation-input"><float_array id="soldier_Neck-Matrix-animation-input-array" count="42">

0.000000 0.033333 0.066667 0.100000 0.133333 0.166667 0.200000 0.233333 0.266667 0.300000 0.333333 0.366667 0.400000 0.433333 0.466667 0.500000
0.533333 0.566667 0.600000 0.633333 0.666667 0.700000 0.733333 0.766667 0.800000 0.833333 0.866667 0.900000 0.933333 0.966667 1.000000 1.033333
1.066667 1.100000 1.133333 1.166667 1.200000 1.233333 1.266667 1.300000 1.333333 1.366667</float_array><technique_common><accessor source="#soldier_Neck-Matrix-animation-input-array" count="42"><param name="TIME" type="float"/></accessor></technique_common></source><source id="soldier_Neck-Matrix-animation-output-transform"><float_array id="soldier_Neck-Matrix-animation-output-transform-array" count="672">

0.966646 0.109274 0.231635 -0.000000 -0.057011 0.973527 -0.221349 13.877400 -0.249690 0.200760 0.947286 -4.354200 0.000000 0.000000 0.000000 1.000000
0.966994 0.099706 0.234479 0.000000 -0.045026 0.972642 -0.227903 13.877400 -0.250788 0.209823 0.945029 -4.354200 0.000000 0.000000 0.000000 1.000000
0.967260 0.088686 0.237788 0.000000 -0.031212 0.971412 -0.235337 13.877400 -0.251862 0.220210 0.942376 -4.354200 0.000000 0.000000 0.000000 1.000000
0.967392 0.077637 0.241091 -0.000000 -0.017379 0.969966 -0.242618 13.877400 -0.252686 0.230517 0.939687 -4.354200 0.000000 0.000000 0.000000 1.000000
0.967409 0.067997 0.243920 0.000000 -0.005346 0.968542 -0.248792 13.877400 -0.253164 0.239379 0.937340 -4.354200 0.000000 0.000000 0.000000 1.000000
0.967382 0.061213 0.245814 0.000000 0.003061 0.967470 -0.252968 13.877400 -0.253303 0.245469 0.935726 -4.354200 0.000000 0.000000 0.000000 1.000000
0.967409 0.058738 0.246313 -0.000000 0.006024 0.967111 -0.254283 13.877400 -0.253148 0.247479 0.935238 -4.354200 0.000000 0.000000 0.000000 1.000000
0.967651 0.061045 0.244798 -0.000000 0.002817 0.967611 -0.252428 13.877400 -0.252279 0.244952 0.936138 -4.354200 0.000000 0.000000 0.000000 1.000000
0.968112 0.067045 0.241379 0.000000 -0.005242 0.968734 -0.248046 13.877400 -0.250462 0.238871 0.938195 -4.354200 0.000000 0.000000 0.000000 1.000000
0.968621 0.075835 0.236692 -0.000000 -0.016911 0.970216 -0.241651 13.877400 -0.247968 0.230066 0.941054 -4.354200 0.000000 0.000000 0.000000 1.000000
0.969011 0.086516 0.231373 0.000000 -0.030945 0.971798 -0.233775 13.877400 -0.245073 0.219371 0.944360 -4.354200 0.000000 0.000000 0.000000 1.000000
0.969151 0.098187 0.226065 0.000000 -0.046119 0.973266 -0.225005 13.877400 -0.242113 0.207638 0.947770 -4.354200 0.000000 0.000000 0.000000 1.000000
0.968961 0.109959 0.221413 -0.000000 -0.061226 0.974471 -0.216002 13.877400 -0.239512 0.195742 0.950957 -4.354200 0.000000 0.000000 0.000000 1.000000
0.968410 0.120951 0.218065 0.000000 -0.075090 0.975346 -0.207511 13.877400 -0.237787 0.184582 0.953618 -4.354200 0.000000 0.000000 0.000000 1.000000
0.967512 0.130291 0.216665 0.000000 -0.086556 0.975896 -0.200339 13.877400 -0.237545 0.175077 0.955469 -4.354200 0.000000 0.000000 0.000000 1.000000
0.966300 0.137121 0.217857 0.000000 -0.094485 0.976176 -0.195325 13.877400 -0.239450 0.168159 0.956235 -4.354200 0.000000 0.000000 0.000000 1.000000
0.964411 0.141148 0.223581 0.000000 -0.098125 0.976268 -0.193062 13.877400 -0.245525 0.164252 0.955374 -4.354200 0.000000 0.000000 0.000000 1.000000
0.961779 0.143254 0.233365 0.000000 -0.098607 0.976253 -0.192891 13.877400 -0.255455 0.162507 0.953066 -4.354200 0.000000 0.000000 0.000000 1.000000
0.958913 0.144333 0.244240 -0.000000 -0.097590 0.976189 -0.193729 13.877400 -0.266386 0.161934 0.950166 -4.354200 0.000000 0.000000 0.000000 1.000000
0.956427 0.145268 0.253268 -0.000000 -0.096756 0.976120 -0.194493 13.877400 -0.275474 0.161513 0.947643 -4.354200 0.000000 0.000000 0.000000 1.000000
0.954884 0.146823 0.258146 0.000000 -0.097554 0.976079 -0.194301 13.877400 -0.280499 0.160352 0.946365 -4.354200 0.000000 0.000000 0.000000 1.000000
0.953851 0.148775 0.260832 -0.000000 -0.099296 0.976043 -0.193600 13.877400 -0.283386 0.158766 0.945773 -4.354200 0.000000 0.000000 0.000000 1.000000
0.953173 0.150846 0.262119 0.000000 -0.101474 0.976002 -0.192673 13.877400 -0.284892 0.157052 0.945606 -4.354200 0.000000 0.000000 0.000000 1.000000
0.952802 0.152826 0.262323 0.000000 -0.103766 0.975956 -0.191681 13.877400 -0.285309 0.155414 0.945751 -4.354200 0.000000 0.000000 0.000000 1.000000
0.952685 0.154506 0.261760 -0.000000 -0.105851 0.975908 -0.190788 13.877400 -0.284932 0.154053 0.946088 -4.354200 0.000000 0.000000 0.000000 1.000000
0.952773 0.155679 0.260745 -0.000000 -0.107409 0.975859 -0.190163 13.877400 -0.284054 0.153176 0.946494 -4.354200 0.000000 0.000000 0.000000 1.000000
0.953013 0.156136 0.259590 0.000000 -0.108124 0.975816 -0.189979 13.877400 -0.282975 0.152985 0.946848 -4.354200 0.000000 0.000000 0.000000 1.000000
0.953356 0.155670 0.258609 0.000000 -0.107680 0.975781 -0.190413 13.877400 -0.281987 0.153684 0.947029 -4.354200 0.000000 0.000000 0.000000 1.000000
0.953825 0.154356 0.257667 -0.000000 -0.106199 0.975750 -0.191400 13.877400 -0.280962 0.155198 0.947087 -4.354200 0.000000 0.000000 0.000000 1.000000
0.954461 0.152457 0.256439 0.000000 -0.104069 0.975717 -0.192734 13.877400 -0.279596 0.157270 0.947150 -4.354200 0.000000 0.000000 0.000000 1.000000
0.955240 0.150040 0.254959 -0.000000 -0.101370 0.975675 -0.194376 13.877400 -0.277922 0.159831 0.947214 -4.354200 0.000000 0.000000 0.000000 1.000000
0.956137 0.147177 0.253261 0.000000 -0.098183 0.975618 -0.196288 13.877400 -0.275975 0.162812 0.947275 -4.354200 0.000000 0.000000 0.000000 1.000000
0.957127 0.143935 0.251376 0.000000 -0.094589 0.975540 -0.198430 13.877400 -0.273788 0.166145 0.947331 -4.354200 0.000000 0.000000 0.000000 1.000000
0.958187 0.140384 0.249339 0.000000 -0.090669 0.975435 -0.200762 13.877400 -0.271397 0.169761 0.947378 -4.354200 0.000000 0.000000 0.000000 1.000000
0.959293 0.136594 0.247182 0.000000 -0.086503 0.975299 -0.203246 13.877400 -0.268839 0.173590 0.947413 -4.354200 0.000000 0.000000 0.000000 1.000000
0.960423 0.132634 0.244940 0.000000 -0.082169 0.975130 -0.205840 13.877400 -0.266150 0.177566 0.947436 -4.354200 0.000000 0.000000 0.000000 1.000000
0.961556 0.128576 0.242648 0.000000 -0.077748 0.974927 -0.208502 13.877400 -0.263372 0.181621 0.947443 -4.354200 0.000000 0.000000 0.000000 1.000000
